Epoch	AverageEpRet	StdEpRet	MaxEpRet	MinEpRet	AverageTestEpRet	StdTestEpRet	MaxTestEpRet	MinTestEpRet	EpLen	TestEpLen	TotalEnvInteracts	AverageQ1Vals	StdQ1Vals	MaxQ1Vals	MinQ1Vals	AverageQ2Vals	StdQ2Vals	MaxQ2Vals	MinQ2Vals	AverageLogPi	StdLogPi	MaxLogPi	MinLogPi	LossPi	LossQ1	LossQ2	Time
1	-9.539061	6.4998255	-1.6408974	-16.768593	39.018276	3.654411	49.30828	34.95771	1000.0	1000.0	3999	6.341679	5.663015	37.36036	-3.848435	6.341524	5.662951	37.413666	-3.8061655	0.41395608	1.528457	5.680694	-11.1586485	-7.5356765	0.04459264	0.04459956	12.671538352966309
2	-5.675196	10.847142	11.14176	-16.32394	23.185558	0.7801925	24.521168	21.987288	1000.0	1000.0	7999	26.22253	12.369661	81.84862	2.7545335	26.22266	12.36951	81.6547	2.4276357	0.65579635	1.6311849	6.338752	-11.517119	-27.66741	0.10456525	0.10427091	27.4945011138916
3	12.476572	13.370212	25.868034	-2.3944767	22.33563	0.5512487	23.252033	21.179653	1000.0	1000.0	11999	48.754395	16.807629	101.452644	6.5111094	48.75445	16.807528	101.48105	6.7509356	0.59786475	1.5110899	6.6068482	-13.243593	-50.06753	0.08539373	0.083045274	43.44927358627319
4	21.288027	7.421221	28.7079	11.760249	4.309846	0.7252552	5.3050394	3.3727462	1000.0	1000.0	15999	63.210526	14.074365	122.869354	13.635193	63.210514	14.074318	123.05238	13.558048	-0.080869935	1.3970165	6.9204783	-9.759392	-63.944626	0.06278682	0.061658252	60.80171322822571
5	17.504253	10.1044655	28.353937	4.7379756	28.419018	1.4226303	31.785023	26.751759	1000.0	1000.0	19999	67.42963	14.676177	117.00456	25.46792	67.429756	14.675945	116.64461	25.071358	-0.6112513	1.123468	7.9101524	-10.656975	-67.829704	0.04840861	0.047559567	76.26648759841919
6	31.034668	6.184259	39.867733	22.380108	33.533794	1.3571079	35.160828	31.364006	1000.0	1000.0	23999	63.37868	12.0187025	103.9495	32.284595	63.378685	12.018627	103.84309	32.18544	-0.84356374	0.96634233	5.1628623	-8.53445	-63.68143	0.033997238	0.03227565	91.87586760520935
7	31.655188	2.8196447	36.113552	28.304667	33.92011	1.1335115	36.032852	32.36063	1000.0	1000.0	27999	57.971207	10.023346	94.17074	31.3632	57.97119	10.023337	94.38475	31.544016	-0.91806686	0.9088461	4.9471555	-10.129374	-58.261517	0.028470337	0.02838098	107.01975846290588
8	31.328363	1.170284	33.112556	29.829315	35.619347	1.358722	37.55223	33.67086	1000.0	1000.0	31999	52.98908	8.630281	87.60083	29.048273	52.989075	8.630173	87.67694	29.44203	-0.96076524	0.87058854	6.0360246	-9.361856	-53.26996	0.029169697	0.02757518	121.71268773078918
9	34.09092	2.2514162	36.5178	30.580015	39.83387	1.4933206	42.765488	38.32528	1000.0	1000.0	35999	48.65603	8.139667	82.195015	27.747509	48.656105	8.139528	82.21691	27.887796	-0.9870053	0.84381366	4.7012157	-8.148915	-48.925385	0.025576526	0.024786392	136.30474019050598
10	30.69741	2.3859155	34.22968	27.68329	37.542877	1.4552071	39.665596	34.884644	1000.0	1000.0	39999	44.98077	7.9334016	77.97261	29.141056	44.9808	7.933317	77.96843	29.101082	-1.018835	0.8200315	4.47908	-7.780323	-45.248074	0.023945658	0.023040006	151.15083169937134
11	30.39137	0.59460986	31.246977	29.70623	33.38627	4.1331205	36.999916	25.201397	1000.0	1000.0	43999	41.9657	7.9256644	76.0356	29.141327	41.96569	7.9256215	75.98519	29.072008	-1.0316427	0.8024653	3.917704	-9.806108	-42.232056	0.022642842	0.021930447	165.79843306541443
12	28.659523	0.5275229	29.005249	27.747398	37.774845	1.0019132	39.7523	36.15373	1000.0	1000.0	47999	39.426704	7.922032	74.3855	28.385645	39.426735	7.922132	74.06158	28.480944	-1.056989	0.7758137	5.059901	-7.9318886	-39.688763	0.020471267	0.019492785	180.5171775817871
13	31.22487	4.164748	37.85875	26.606903	28.929605	15.977838	40.191513	-3.803081	1000.0	1000.0	51999	37.431515	7.9847245	70.94885	28.83024	37.431515	7.9848123	70.84297	28.757732	-1.0650328	0.76914346	3.701911	-7.579889	-37.695732	0.01843407	0.017814007	195.21883368492126
14	31.101397	2.4518323	34.51336	27.967026	31.904388	10.091717	39.138885	11.51006	1000.0	1000.0	55999	36.58258	9.70348	99.53014	27.423279	36.58257	9.70357	98.03579	27.55833	-1.0631706	0.774547	5.8160033	-9.2101145	-36.84262	0.021619266	0.022190686	209.8512635231018
15	22.73684	12.475894	31.24047	1.1738247	33.771065	2.7674706	38.829666	30.607874	1000.0	1000.0	59999	35.741264	10.902485	145.76062	26.476885	35.74129	10.902636	146.6542	26.507338	-1.0563378	0.7803537	6.855082	-12.0683155	-36.00509	0.020396158	0.019801471	224.63146710395813
16	11.521678	10.270686	26.919947	-1.3566093	35.577938	2.539923	37.99229	29.992702	1000.0	1000.0	63999	37.45165	16.233614	139.15305	25.860085	37.45162	16.233696	139.5161	25.76258	-1.0366724	0.806764	5.257024	-9.27865	-37.725365	0.021587482	0.020582708	239.23075246810913
17	18.153086	7.6696167	31.411165	13.072921	22.887653	0.8512278	24.261051	21.883589	1000.0	1000.0	67999	37.409435	15.393623	115.54787	25.029081	37.40941	15.393595	114.819626	24.926283	-1.0480099	0.79078805	3.9151099	-9.032196	-37.676758	0.019093048	0.018475112	253.98200058937073
18	22.504763	2.053005	25.135176	19.86514	29.049784	0.8846509	30.32137	27.697525	1000.0	1000.0	71999	37.013474	13.87295	96.555016	23.67272	37.013496	13.873	96.39166	23.30606	-1.075814	0.7545396	3.5532146	-8.21308	-37.272873	0.018567398	0.018133488	268.6004831790924
19	30.562073	2.7355638	33.706676	27.053823	24.927896	0.8692231	26.150621	23.523445	1000.0	1000.0	75999	36.244896	12.230626	81.79399	23.28739	36.244896	12.230569	81.74184	23.068193	-1.0969607	0.7238143	3.4872541	-7.800357	-36.49612	0.016362613	0.01573433	283.48454570770264
20	35.967194	1.9798591	37.92141	32.685017	39.313744	0.7373641	40.445034	38.07421	1000.0	1000.0	79999	35.23729	10.746601	70.986084	22.438986	35.237286	10.7466135	70.87978	22.60316	-1.1097935	0.7097641	2.8652983	-8.469155	-35.486217	0.014724348	0.014432804	298.3554654121399
21	37.54118	3.6310244	41.230984	31.820858	36.42799	1.1744413	37.75026	34.111103	1000.0	1000.0	83999	34.04115	9.518157	65.46886	21.916521	34.041164	9.518215	65.75959	21.88334	-1.114577	0.6980415	2.4990723	-7.6368575	-34.287395	0.013571351	0.0132108675	313.27818846702576
22	32.39454	2.2370849	35.100235	28.89672	41.62508	1.6249226	43.855915	38.80115	1000.0	1000.0	87999	33.039387	8.653764	61.872463	21.495007	33.039387	8.65378	62.148964	21.681343	-1.1179795	0.6925434	2.6154358	-8.106235	-33.286423	0.013085985	0.012647358	328.2647407054901
23	32.4468	3.9966614	38.703403	27.57449	39.882545	0.94389147	41.35925	38.463882	1000.0	1000.0	91999	32.138813	8.040101	61.173172	21.614763	32.138813	8.040098	61.157394	21.60433	-1.1220187	0.6914238	2.8589716	-8.172271	-32.38561	0.012792812	0.012415231	343.1498374938965
24	33.920464	6.1169815	43.366154	27.13662	38.93624	1.4780302	41.485897	36.243656	1000.0	1000.0	95999	31.376415	7.5899806	60.70141	21.218525	31.376442	7.590036	60.6191	21.07385	-1.1292847	0.67874193	2.573183	-7.7586455	-31.622671	0.011994834	0.0114101805	358.2099084854126
25	29.865738	2.185448	33.512356	27.745148	39.727104	1.6079283	42.11875	36.153526	1000.0	1000.0	99999	30.730162	7.264086	61.125954	21.190813	30.730175	7.264125	60.97262	21.039276	-1.1391543	0.66661793	2.5309565	-7.795482	-30.975504	0.011830448	0.011520826	373.16076588630676
26	31.042774	3.5839527	35.715122	26.075506	40.94949	1.0013888	42.817894	39.691536	1000.0	1000.0	103999	30.14109	7.0225945	61.79655	21.264132	30.141075	7.022618	61.549114	20.926004	-1.1404806	0.66735	2.774674	-7.2047977	-30.385363	0.011405821	0.010741658	388.16290855407715
27	31.930069	1.6627748	34.109863	29.493986	38.70178	1.1565527	41.17088	37.349274	1000.0	1000.0	107999	29.671974	6.8826303	61.831585	20.927778	29.671957	6.8826585	61.64019	20.787281	-1.148808	0.6571931	2.9679275	-8.318874	-29.918535	0.0110473605	0.010629362	403.15431547164917
28	30.877111	2.6688626	34.253036	26.80846	39.577274	1.8364668	42.48081	36.581955	1000.0	1000.0	111999	29.244972	6.708188	60.565918	21.027966	29.244986	6.708211	60.676422	20.842226	-1.15255	0.649488	2.2792125	-11.055292	-29.48909	0.010507128	0.010240952	418.9440407752991
29	31.351955	4.264451	37.493504	27.324438	39.650703	1.2092092	42.542545	37.939823	1000.0	1000.0	115999	28.901735	6.592002	61.544865	20.39659	28.90174	6.592037	61.566364	20.35759	-1.1508797	0.6522984	2.5007834	-8.796013	-29.146454	0.010554859	0.010129609	434.10059213638306
30	28.110184	2.7578049	30.806732	23.989025	39.61398	1.2382525	41.397194	37.040768	1000.0	1000.0	119999	28.610462	6.518862	61.244003	20.433662	28.610476	6.5189137	61.335926	20.543367	-1.1605846	0.64128345	3.167072	-8.383787	-28.852636	0.009941747	0.009565812	449.114137172699
31	33.186752	4.870187	39.007736	27.296028	39.61006	2.9226599	43.780697	35.924644	1000.0	1000.0	123999	28.379307	6.4427977	61.35264	20.482489	28.379293	6.4428287	61.059204	20.48429	-1.1581343	0.64566034	2.7258387	-8.735432	-28.623516	0.009881063	0.009523702	464.09476113319397
32	31.064222	0.38679484	31.671013	30.618853	40.44213	1.2171385	42.06318	38.286724	1000.0	1000.0	127999	28.21514	6.424398	61.16397	20.059328	28.215153	6.424425	61.286285	20.362125	-1.1601597	0.6393939	2.4098911	-7.932495	-28.46109	0.009965991	0.0094834585	479.2754189968109
33	30.700808	2.6400552	32.573586	26.151623	39.33697	1.0685065	40.733955	37.559063	1000.0	1000.0	131999	28.057852	6.3391757	60.391434	20.120852	28.057867	6.339184	60.36053	20.054487	-1.1648397	0.6311196	2.411471	-8.937525	-28.301325	0.009444981	0.008616258	494.36854434013367
34	31.859055	3.2326007	36.45818	27.347189	40.494774	2.0114884	42.994514	37.431995	1000.0	1000.0	135999	27.896128	6.257463	60.191803	20.433891	27.896118	6.2575455	60.32753	20.495422	-1.1666576	0.6308306	2.5934076	-8.074205	-28.139988	0.0093142	0.008944252	509.6677453517914
35	30.083742	2.1710649	33.001987	26.88694	40.93784	1.4101288	43.277912	38.470806	1000.0	1000.0	139999	27.776318	6.2156363	61.085617	20.46672	27.77632	6.215645	60.760796	20.44322	-1.170798	0.6267785	2.6867936	-10.240515	-28.02046	0.00856086	0.008545363	524.6963856220245
36	31.168512	3.0511804	35.261303	27.48705	39.011997	1.3681276	40.63233	37.28181	1000.0	1000.0	143999	27.681322	6.167355	59.79726	20.68176	27.68132	6.167385	59.67005	20.834473	-1.1748067	0.6218973	2.5332332	-8.04607	-27.923697	0.008754795	0.008530214	539.7967483997345
37	32.117226	2.3631606	34.982635	29.665682	38.060844	1.619673	40.125496	34.219566	1000.0	1000.0	147999	27.577496	6.111354	59.892986	20.532137	27.5775	6.111395	60.29865	20.543823	-1.176438	0.6191134	2.6558907	-8.948738	-27.820015	0.008701122	0.008286671	554.9385707378387
38	30.114956	0.7359203	31.005177	29.166817	39.5931	1.7878377	42.41399	36.717274	1000.0	1000.0	151999	27.496792	6.030673	58.881927	20.492823	27.49679	6.030701	58.812176	20.330032	-1.1782718	0.6168819	2.8518147	-6.8427305	-27.739815	0.008081711	0.007954247	570.2307958602905
39	29.826683	1.5243716	31.400995	27.899597	41.07115	1.1130054	42.81982	39.595585	1000.0	1000.0	155999	27.421183	5.9842315	60.646458	20.359886	27.421185	5.984254	60.724384	20.49147	-1.1838802	0.60550535	2.4242868	-6.9777985	-27.664248	0.008206202	0.008102404	585.3684499263763
40	27.986097	1.6279068	29.398497	25.363937	40.03042	1.2116766	42.373665	37.896244	1000.0	1000.0	159999	27.351892	5.9527035	61.119797	20.391272	27.351898	5.95272	61.129604	20.649517	-1.1843191	0.607471	2.892873	-7.8544164	-27.594664	0.00800853	0.008000708	600.7379758358002
41	30.04638	3.4275885	34.25339	24.717924	38.72326	1.3480334	41.099915	36.57924	1000.0	1000.0	163999	27.27225	5.885674	61.191296	20.51436	27.272242	5.885754	60.824814	20.599821	-1.188221	0.5998271	2.6260524	-7.0757732	-27.513508	0.007959667	0.0076400284	615.9741501808167
42	30.792675	1.3165985	32.614902	28.949743	39.77311	1.9253447	42.80449	36.777714	1000.0	1000.0	167999	27.204773	5.8577447	60.875587	20.231468	27.204763	5.8577623	60.973804	20.446102	-1.1904439	0.6000838	2.7221847	-8.01122	-27.448265	0.0077352296	0.0077853347	631.1465203762054
43	31.559105	2.1587996	35.222076	29.634253	39.301266	2.9347785	43.79282	34.554066	1000.0	1000.0	171999	27.150902	5.797289	60.151814	20.462654	27.150917	5.7972927	59.981297	20.409119	-1.1931218	0.591938	2.5988243	-8.815746	-27.39274	0.0077223754	0.0074376613	646.4000942707062
44	30.470085	1.5170448	32.539986	28.8936	39.953773	1.5108825	41.909874	37.301006	1000.0	1000.0	175999	27.10701	5.758658	59.766743	20.343807	27.106998	5.7586846	60.038006	20.194477	-1.1918689	0.59354436	2.6381047	-6.3845134	-27.348896	0.0075015277	0.007274954	661.7482061386108
45	31.571379	2.8305845	35.29419	27.688757	41.348976	0.77770776	42.51992	40.24449	1000.0	1000.0	179999	27.055222	5.703868	60.53973	20.175936	27.055243	5.703897	60.29866	20.254965	-1.1895272	0.6026088	2.8330212	-7.2366066	-27.297117	0.0075850724	0.0071560806	676.990799665451
46	31.16862	1.5257232	32.75449	29.472927	40.937813	1.566789	44.050674	39.24579	1000.0	1000.0	183999	27.029268	5.709327	61.135124	19.930021	27.029263	5.7093544	61.091034	20.070354	-1.1939261	0.5926963	2.208136	-7.9036355	-27.272112	0.0075938385	0.007543397	692.3999540805817
47	28.257446	1.9966338	31.57312	26.234621	40.43976	1.2598212	43.06893	38.332134	1000.0	1000.0	187999	26.984257	5.6376395	60.90132	20.440037	26.98426	5.6376724	61.146503	20.61505	-1.1947821	0.5904076	3.0520291	-7.2094088	-27.225332	0.0072775544	0.006840516	707.7245538234711
48	28.089428	4.770563	33.274967	23.284225	39.516785	0.6325889	40.56424	38.367424	1000.0	1000.0	191999	26.951096	5.6229305	60.877327	20.09406	26.951103	5.62299	60.927402	20.218868	-1.1972529	0.5837993	2.6072512	-9.683143	-27.191645	0.007352638	0.0069446345	723.3462665081024
49	29.671406	0.83576995	30.782942	28.4275	40.7997	1.9675965	43.09189	37.854855	1000.0	1000.0	195999	26.910147	5.5556326	61.88818	19.757668	26.910135	5.5556755	62.400642	19.864553	-1.1976545	0.58577967	2.8184018	-7.8105755	-27.15107	0.0074397023	0.007278863	738.785587310791
50	31.846224	1.105817	33.589767	30.533768	40.834835	2.4263759	43.278843	36.078365	1000.0	1000.0	199999	26.869137	5.4962993	61.363605	20.29526	26.869152	5.4963007	61.325676	19.980453	-1.1972396	0.58420557	2.9980383	-8.328935	-27.108704	0.007083262	0.0069176406	754.1713578701019
51	29.061434	0.39917544	29.516195	28.527075	40.72747	1.6584768	42.86981	38.112507	1000.0	1000.0	203999	26.86643	5.4912844	60.48437	20.065279	26.866428	5.4912734	60.69306	20.366507	-1.2000313	0.5836531	2.532495	-7.330497	-27.10684	0.007184413	0.0070581352	769.5170407295227
52	29.808445	3.412552	34.87501	25.281466	40.598095	1.1576861	42.1569	38.817253	1000.0	1000.0	207999	26.804138	5.4115157	59.784214	20.05347	26.804146	5.4115415	59.700005	20.134186	-1.205968	0.5745075	2.441736	-7.963174	-27.04456	0.0068913093	0.0065977136	784.8507344722748
53	30.81662	2.1328053	34.297577	29.030376	40.499832	1.3544104	43.226685	37.790478	1000.0	1000.0	211999	26.78734	5.400115	61.05362	20.669752	26.787342	5.4001756	61.009212	20.622715	-1.2054977	0.57412857	3.046104	-8.310222	-27.029064	0.0067054126	0.0066281883	800.1595854759216
54	29.399956	1.6073455	31.497242	27.02376	39.37249	1.6809454	41.827843	36.537106	1000.0	1000.0	215999	26.774277	5.3983345	60.251152	20.043188	26.774273	5.398348	60.44167	20.183187	-1.2044134	0.5769723	3.0148883	-8.796624	-27.01596	0.006650172	0.00661783	815.6547493934631
55	28.760218	2.0696273	30.911016	26.016165	39.020805	2.499169	42.459454	36.175705	1000.0	1000.0	219999	26.771433	5.3844824	60.80078	20.169477	26.771418	5.384523	60.57256	20.153713	-1.2081819	0.56877935	2.7205403	-8.14666	-27.012041	0.006583686	0.0063497396	831.0367364883423
56	30.362759	3.732065	35.687305	26.581339	40.939766	0.8709961	42.132404	39.040127	1000.0	1000.0	223999	26.705988	5.277391	60.75077	20.214596	26.705992	5.277403	60.71537	20.279312	-1.2088962	0.5668851	2.3954382	-6.6016793	-26.946127	0.0066188634	0.006422445	846.5470833778381
57	29.238714	1.8726693	31.061087	26.12194	38.128956	2.8331525	42.09273	34.177963	1000.0	1000.0	227999	26.722015	5.282706	61.044743	20.61761	26.722012	5.282743	60.90126	20.471107	-1.2091265	0.5664411	2.480559	-6.514751	-26.964079	0.006430005	0.0063519413	861.8993566036224
58	28.732874	2.6145551	32.216076	26.136766	39.881863	2.164358	43.65661	36.666126	1000.0	1000.0	231999	26.674967	5.254397	61.837486	20.580519	26.674965	5.2544155	62.227375	20.343777	-1.208885	0.565426	2.6535997	-6.3661222	-26.915184	0.0063647195	0.006275811	877.3818917274475
59	28.44109	3.0614617	32.93462	24.436064	39.014168	1.6123182	42.05766	36.52513	1000.0	1000.0	235999	26.66598	5.230014	61.099583	20.4866	26.66598	5.230022	60.984745	20.373592	-1.2096579	0.56823343	3.0812635	-9.316464	-26.90645	0.006316916	0.006211419	892.8805501461029
60	29.561718	1.4983624	32.13536	28.422495	40.861645	1.2938612	43.060383	39.422874	1000.0	1000.0	239999	26.643736	5.1918087	59.568512	19.942326	26.643736	5.1918497	60.018944	19.979347	-1.211678	0.5642517	2.6032212	-8.859355	-26.882065	0.0064707627	0.0061128195	908.5489492416382
61	29.752817	2.07722	32.869568	27.857248	38.867092	1.3947494	40.86585	36.930855	1000.0	1000.0	243999	26.634855	5.179462	60.190144	20.167175	26.634853	5.1794925	60.07508	20.130293	-1.2094831	0.5658635	2.7180405	-8.671499	-26.8747	0.006397785	0.006367961	924.1802544593811
62	29.662674	2.3466356	32.80286	26.365292	39.851063	1.3857388	41.592854	38.0884	1000.0	1000.0	247999	26.615482	5.147389	60.914856	20.392483	26.615482	5.1474066	60.858288	20.403698	-1.2118691	0.5638971	3.3969262	-7.723789	-26.854847	0.0061909813	0.0061924625	940.3066325187683
63	27.85574	2.4458418	31.914291	25.368122	41.237614	1.1543351	42.755264	38.83542	1000.0	1000.0	251999	26.588398	5.098189	59.70245	20.08437	26.588398	5.0981946	59.800087	19.670206	-1.2143579	0.5588755	3.2446322	-8.395455	-26.827087	0.0063574906	0.006157032	956.9839899539948
64	30.630749	2.6729822	34.230583	27.61512	40.914413	0.87908775	42.466873	39.544334	1000.0	1000.0	255999	26.547134	5.0477805	59.732002	19.947126	26.547117	5.047828	59.439636	19.873589	-1.2158363	0.55703604	2.790996	-7.056218	-26.78606	0.006220903	0.0061058705	973.6528463363647
65	29.25758	3.209995	32.551147	25.950298	40.454014	1.726825	43.005173	38.335926	1000.0	1000.0	259999	26.545883	5.0786405	60.438244	19.721136	26.5459	5.0786443	60.82366	19.883188	-1.2125543	0.56056416	2.9537416	-8.243004	-26.785551	0.006399421	0.006283252	991.1940598487854
66	31.631933	3.2835152	34.72197	26.442387	40.060444	1.0389999	42.082752	38.220627	1000.0	1000.0	263999	26.526945	5.0390368	60.57004	20.135643	26.526953	5.0390673	60.52332	19.987755	-1.2194675	0.5520488	3.1160913	-7.4301634	-26.765099	0.0058451253	0.0058495086	1009.553961277008
67	30.559807	1.9075247	32.593063	27.604738	41.162594	1.4024131	43.31474	39.13772	1000.0	1000.0	267999	26.482916	4.9624524	60.27392	19.853409	26.482904	4.9625034	59.57528	19.774021	-1.2196769	0.5504203	2.9266167	-7.824473	-26.721724	0.005959071	0.005816566	1027.7508788108826
68	27.011913	4.367414	32.375072	20.278759	40.64794	1.2399964	42.884308	39.051098	1000.0	1000.0	271999	26.484957	5.0063457	60.95429	20.001776	26.484957	5.006381	61.269287	19.93825	-1.2166108	0.55593157	3.1620479	-7.435703	-26.724363	0.0061172335	0.0058937357	1046.3715295791626
69	30.901485	1.2900808	32.64923	29.006302	41.33544	1.0624925	42.721375	38.674435	1000.0	1000.0	275999	26.463472	4.9816656	60.443058	19.92934	26.463455	4.9816637	61.110355	19.84069	-1.2182999	0.55358654	3.3491216	-9.017438	-26.701551	0.005876935	0.005915559	1066.3491415977478
70	31.445618	2.8698	34.307766	26.722307	39.827526	1.7734066	42.825024	37.540657	1000.0	1000.0	279999	26.41823	4.9196687	60.60933	19.522837	26.418224	4.91968	60.828014	19.821926	-1.2205745	0.5488486	2.4285455	-8.228004	-26.656097	0.0060556466	0.0058866646	1084.4481432437897
71	30.820232	4.3127546	35.3234	24.274597	41.628086	1.051388	42.608337	38.948498	1000.0	1000.0	283999	26.40195	4.8954463	60.354443	20.105324	26.40196	4.8954654	60.807663	20.26665	-1.2226759	0.54561055	2.6407063	-7.9095616	-26.64055	0.0059214653	0.005888367	1101.6590902805328
72	29.575335	2.122526	33.19502	27.997683	41.53179	1.7630491	44.41795	38.88173	1000.0	1000.0	287999	26.373285	4.868445	63.242237	20.023869	26.373276	4.8684587	62.739956	19.799488	-1.2222724	0.54521716	3.0631592	-6.6940126	-26.6114	0.0059144087	0.0058023822	1119.9682104587555
73	31.850243	0.9011502	32.813007	30.752457	40.569954	1.3244857	42.321095	38.278164	1000.0	1000.0	291999	26.354853	4.839985	62.695293	19.695763	26.354853	4.8400345	62.70097	19.81499	-1.2230322	0.54346234	2.4885774	-7.5438147	-26.592077	0.005922065	0.0058278893	1138.4627966880798
74	30.998121	0.80561775	32.200245	29.954466	40.665504	1.1533756	42.514114	39.133663	1000.0	1000.0	295999	26.343117	4.817766	61.688217	19.840696	26.343122	4.817784	62.260056	19.8365	-1.2246385	0.54121727	2.6290064	-8.357357	-26.580858	0.00589092	0.0059352466	1156.1613969802856
75	31.173676	1.4023161	32.598553	29.02645	39.27805	1.6016766	42.563328	36.580124	1000.0	1000.0	299999	26.333364	4.8257704	62.150818	19.432167	26.33337	4.8257885	62.059288	19.376888	-1.2254204	0.5403364	2.417407	-7.691251	-26.57045	0.0061181	0.005995778	1172.9186737537384
76	29.86821	1.8750339	32.21915	27.16297	40.72009	1.28889	42.912754	38.317905	1000.0	1000.0	303999	26.293913	4.777297	61.82924	19.339096	26.293924	4.77733	61.586353	19.259726	-1.2256578	0.54150015	2.4892	-8.031247	-26.532343	0.005750898	0.0056384793	1189.734054327011
77	29.559673	1.208329	31.181606	27.791842	40.030273	1.6484269	43.04707	37.57315	1000.0	1000.0	307999	26.294008	4.804375	63.208504	18.803831	26.293997	4.8043847	63.54157	18.797382	-1.224481	0.54673046	3.0089278	-7.5797033	-26.533356	0.006179499	0.005919256	1207.9893448352814
78	30.792786	0.9584473	31.942728	29.555475	40.00208	0.9162771	41.397057	38.463978	1000.0	1000.0	311999	26.287922	4.80663	63.48417	18.915728	26.287926	4.8066554	63.560055	18.772919	-1.2282684	0.5374661	2.651422	-7.3550205	-26.525171	0.0058105467	0.005738715	1224.9284813404083
79	31.044546	3.9176772	36.563416	25.75781	39.76466	2.4873645	43.396378	36.24614	1000.0	1000.0	315999	26.248396	4.7279296	62.920994	18.154291	26.248392	4.727934	62.45999	18.205904	-1.2263982	0.5341295	2.356088	-7.1765704	-26.485325	0.00556966	0.0055164695	1241.7372617721558
80	28.432903	1.1523519	29.492575	26.54851	38.127403	1.5759377	41.08399	36.013447	1000.0	1000.0	319999	26.236256	4.714256	62.695854	18.317144	26.23625	4.7142596	62.794792	18.043686	-1.2279001	0.5375509	2.625894	-7.0142574	-26.474133	0.005642557	0.0054665636	1259.2676584720612
81	30.226334	1.7804668	32.92092	27.914885	41.359905	1.6707308	43.3563	37.8356	1000.0	1000.0	323999	26.239763	4.6935644	63.158653	18.420425	26.239775	4.6936398	63.62351	18.330423	-1.2278371	0.53594184	3.0550275	-6.7081637	-26.47648	0.005611527	0.0053292606	1277.282282590866
82	29.994568	2.7918525	33.5475	26.32426	41.266273	1.0523051	42.65329	39.500317	1000.0	1000.0	327999	26.231544	4.668306	63.9087	18.31398	26.231552	4.668351	63.99306	18.255268	-1.226586	0.5361839	2.6290321	-8.844499	-26.469168	0.0054357653	0.005500709	1294.823204278946
83	31.390892	0.27037564	31.706253	30.974579	40.11725	1.5890291	42.920673	38.478107	1000.0	1000.0	331999	26.221436	4.659138	62.197353	17.95402	26.221437	4.659143	61.87818	17.92548	-1.2315896	0.5287298	2.677062	-9.610184	-26.460367	0.005638625	0.0055534113	1313.5072951316833
84	31.396578	1.6083927	32.97308	28.705976	40.22164	1.7540015	42.95942	37.06614	1000.0	1000.0	335999	26.203432	4.632196	62.689972	18.497044	26.203415	4.6322126	62.66659	18.547329	-1.2299563	0.53397113	2.5188246	-7.066516	-26.44173	0.005368514	0.0054253135	1331.6236927509308
85	33.284004	1.7734778	35.627724	31.196253	38.610607	0.9251102	39.933258	37.14297	1000.0	1000.0	339999	26.197426	4.619523	63.653435	18.613718	26.19743	4.619519	63.561695	18.461042	-1.231	0.5341236	3.0426521	-7.281533	-26.434824	0.005550074	0.005418679	1349.6456832885742
86	30.542759	2.4585552	33.39867	26.614912	41.16627	2.3356998	45.3392	37.653694	1000.0	1000.0	343999	26.19327	4.621176	64.12735	18.380224	26.193266	4.6212244	63.980907	18.464838	-1.2303346	0.53037965	2.7123046	-6.5349493	-26.430819	0.0054682787	0.0054047345	1367.7285923957825
87	31.713072	0.3075137	32.087505	31.355602	41.129692	1.2940892	43.530663	39.09741	1000.0	1000.0	347999	26.179043	4.583858	63.973286	18.415495	26.179045	4.583866	63.396996	18.103518	-1.2323115	0.5289352	2.8202796	-7.177567	-26.41701	0.005358387	0.005255439	1385.1787259578705
88	30.20352	2.3366385	33.492184	27.932793	41.84465	1.4993006	44.970474	39.881702	1000.0	1000.0	351999	26.182037	4.5840592	61.44864	18.546064	26.182026	4.584088	61.342186	18.620699	-1.2313222	0.52923644	2.8208404	-7.2173314	-26.419777	0.0054007396	0.005300136	1402.439868927002
89	28.630638	0.8302273	29.471548	27.250746	41.63055	0.6895763	42.83023	40.914154	1000.0	1000.0	355999	26.165047	4.545369	61.83862	18.45269	26.165068	4.5453486	61.327282	18.428991	-1.2339824	0.52586156	2.4627771	-7.319574	-26.403027	0.005112812	0.0050628562	1419.7665376663208
90	31.450626	1.9172456	34.34014	29.480864	39.929836	1.1677663	41.92784	37.87435	1000.0	1000.0	359999	26.166113	4.536391	61.49479	18.845987	26.166113	4.536407	61.31328	18.663801	-1.2296209	0.54095954	2.571007	-10.180271	-26.405403	0.00531421	0.0051351716	1437.2712669372559
91	29.178455	0.5664151	30.067953	28.558279	40.337048	2.437592	43.37636	36.28565	1000.0	1000.0	363999	26.180393	4.573976	62.426266	18.569944	26.180393	4.5739455	62.1273	18.332582	-1.233686	0.52641773	3.2379107	-7.1293106	-26.418089	0.0052152756	0.0053286077	1454.5741698741913
92	29.896208	1.5940496	31.310125	27.353558	41.222652	1.0112753	42.75393	39.898487	1000.0	1000.0	367999	26.15599	4.526464	60.556747	19.110573	26.156	4.5265093	60.978138	18.938805	-1.2338357	0.5237874	2.7517052	-6.7907276	-26.394478	0.005190256	0.005093315	1471.852939605713
93	30.505016	2.3832145	32.527145	26.656286	41.88331	1.4216421	44.503895	39.86892	1000.0	1000.0	371999	26.15971	4.520079	61.00852	19.236605	26.1597	4.5200768	61.652977	18.983322	-1.2336166	0.52722466	2.7690363	-6.671465	-26.39814	0.005062171	0.0051309112	1489.1375498771667
94	31.798203	0.8180347	33.109905	31.022137	40.16531	1.4172642	41.990326	37.264675	1000.0	1000.0	375999	26.140667	4.5023775	61.203957	19.623688	26.140688	4.502383	61.19767	19.10518	-1.2327719	0.52960205	2.6014717	-6.533169	-26.379347	0.005241122	0.0051437314	1506.5253238677979
95	30.27575	1.6880686	32.49485	27.864342	39.761333	2.5028784	43.446278	35.837437	1000.0	1000.0	379999	26.151838	4.5192223	60.78845	20.005043	26.15183	4.5192394	60.67757	19.733135	-1.233831	0.5253249	2.948589	-7.1153	-26.389105	0.005210023	0.005153162	1525.3637409210205
96	30.732206	2.0029457	32.953285	27.8729	39.56536	2.1121938	42.331326	36.570713	1000.0	1000.0	383999	26.136372	4.466002	61.65506	20.319498	26.136383	4.4660296	61.931843	19.749643	-1.2354273	0.5233683	2.4954658	-8.060159	-26.374054	0.0051131365	0.0049661226	1543.7518737316132
97	30.184017	0.87137437	31.532438	29.389465	42.032986	2.4152257	45.237556	37.70817	1000.0	1000.0	387999	26.13518	4.4674172	61.465214	20.051487	26.13518	4.4674296	61.24225	20.056011	-1.2323972	0.5277249	2.8223844	-7.5471926	-26.373672	0.005025577	0.0051410054	1562.0583844184875
98	30.911531	2.2915971	33.597054	27.426243	40.707375	0.91637933	42.10794	39.374012	1000.0	1000.0	391999	26.13451	4.459294	62.089336	20.454063	26.134504	4.459312	62.04397	20.363638	-1.2350097	0.5213904	2.764038	-8.093887	-26.371862	0.005059802	0.0049674003	1580.1665019989014
99	31.063854	1.0846512	32.189808	29.731499	41.913307	1.5367414	44.72639	38.933823	1000.0	1000.0	395999	26.118835	4.432283	62.249424	20.581295	26.118835	4.4323044	62.102394	20.567526	-1.2355763	0.5206117	2.5098689	-7.4814787	-26.355942	0.0050606127	0.00492529	1597.8804340362549
100	32.00124	1.3726306	33.308834	29.82144	42.229042	1.2991407	43.947586	39.773933	1000.0	1000.0	399999	26.120838	4.412865	61.85153	20.07551	26.12084	4.412908	61.691048	20.362774	-1.2382655	0.5181612	3.0357566	-8.69526	-26.358929	0.005010483	0.005012779	1616.0786147117615
101	30.272083	0.2092596	30.466253	29.919003	40.05915	1.6608264	43.5658	38.301662	1000.0	1000.0	403999	26.120646	4.404098	60.038994	19.516523	26.120642	4.4040976	59.728622	19.63518	-1.2355858	0.52324814	2.8268547	-6.2775984	-26.358473	0.004985731	0.004905465	1634.2739341259003
102	31.464123	0.49236652	32.272198	30.945583	41.712036	1.8571674	45.37997	39.60145	1000.0	1000.0	407999	26.117817	4.419032	60.055817	20.320799	26.117817	4.419033	60.426716	19.983187	-1.2354724	0.5244686	2.3929005	-8.142077	-26.356016	0.005002183	0.0049711	1653.0167574882507
103	30.095722	2.1301372	32.918404	27.117067	41.038383	1.600901	43.322506	37.966858	1000.0	1000.0	411999	26.10815	4.3875055	60.30259	20.434168	26.108158	4.387547	60.650055	20.44399	-1.2368668	0.5182478	2.672235	-7.0436063	-26.347921	0.0048972294	0.004794947	1671.0641808509827
104	31.860815	1.139035	33.38537	30.342789	41.85252	1.6701645	44.319363	39.608494	1000.0	1000.0	415999	26.118677	4.4114122	60.886402	19.818266	26.11867	4.411447	60.811962	19.479683	-1.2381368	0.51937836	2.5923467	-7.1327996	-26.356773	0.0049265595	0.0049156523	1689.0524933338165
105	28.636612	0.9137722	30.050203	27.73632	39.796165	0.7591083	40.94844	38.78228	1000.0	1000.0	419999	26.09549	4.3517256	60.48523	19.616577	26.095505	4.351757	60.290752	19.836193	-1.2378604	0.5186643	3.0949283	-10.041223	-26.333435	0.0048653013	0.0047721607	1707.1517004966736
106	30.961096	3.345282	34.21701	25.942413	40.881355	1.3389401	43.013237	38.37141	1000.0	1000.0	423999	26.101048	4.338284	61.020916	20.15418	26.101034	4.338315	61.05737	19.652012	-1.2381419	0.5177545	2.6327033	-6.6178436	-26.340096	0.004782874	0.004713398	1725.559564590454
107	32.70438	1.4423021	35.067284	31.240692	40.494198	1.3582275	42.677925	38.218353	1000.0	1000.0	427999	26.106613	4.3633933	62.193302	20.16503	26.106632	4.3634343	62.562702	20.214952	-1.2365187	0.5195193	2.6145613	-6.9106035	-26.344847	0.0048206113	0.004771977	1744.1231541633606
108	29.213402	1.3086127	30.938906	27.25588	41.255833	1.103719	42.639694	39.233738	1000.0	1000.0	431999	26.102345	4.370151	61.792156	20.569122	26.102337	4.370145	62.393154	20.245516	-1.2395746	0.51267207	2.3630133	-10.095818	-26.340704	0.0046310234	0.0045820195	1762.4010984897614
109	29.42213	1.8646857	31.80569	26.672276	38.965767	1.8435892	42.680557	36.3599	1000.0	1000.0	435999	26.07673	4.3302665	61.271465	19.879618	26.076725	4.330297	61.260197	20.045883	-1.2376559	0.5208259	2.6758614	-7.238876	-26.314964	0.004532452	0.00457464	1781.1232795715332
110	31.92557	1.1090792	33.75726	30.77897	40.744072	2.0145712	44.36791	38.345345	1000.0	1000.0	439999	26.068205	4.3048363	60.969048	19.841394	26.068207	4.30486	61.17013	19.780098	-1.2404962	0.5135601	2.6948252	-7.378585	-26.30645	0.0046150554	0.004602811	1801.2987282276154
111	32.240223	1.3546808	34.527172	31.08677	40.206245	1.9896914	44.43382	37.59034	1000.0	1000.0	443999	26.059673	4.2880692	61.050358	20.215698	26.059668	4.2880664	60.935303	20.256714	-1.2405349	0.5140886	2.576271	-6.960004	-26.297874	0.004683176	0.004665829	1818.5972640514374
112	30.408081	2.4833062	34.46623	27.760668	40.92118	1.0528228	43.071415	39.869102	1000.0	1000.0	447999	26.053833	4.2855616	61.781445	19.8161	26.05383	4.2855916	61.249752	19.9372	-1.2396665	0.5157365	2.5317688	-7.111567	-26.292812	0.004784004	0.004748513	1835.834678888321
113	31.145733	0.6860707	32.06643	30.134384	42.360283	0.98823935	43.757652	40.57364	1000.0	1000.0	451999	26.059195	4.2960086	61.29264	20.225763	26.0592	4.2960477	61.146862	19.97086	-1.2404698	0.5125103	2.9533558	-7.0129204	-26.296495	0.0047639725	0.0045874035	1853.0487263202667
114	30.698128	1.9611361	33.981068	28.856613	39.636497	1.2569377	42.041832	37.84563	1000.0	1000.0	455999	26.03672	4.263093	60.98461	19.790443	26.03671	4.263124	61.47208	19.73166	-1.2395561	0.51238465	2.581479	-8.562143	-26.275026	0.004586543	0.0045964005	1870.331039905548
115	31.916748	1.2761161	33.896347	30.581156	41.83558	1.937068	44.85437	38.68331	1000.0	1000.0	459999	26.038288	4.2651896	62.307755	20.012333	26.038292	4.265248	62.73768	20.255283	-1.241331	0.51387125	3.0732992	-8.488716	-26.276352	0.0046367543	0.0046782265	1887.3648233413696
116	31.517517	2.7654555	34.478115	27.01189	42.09581	1.0613518	44.400135	40.447273	1000.0	1000.0	463999	26.039608	4.275458	62.985947	20.078703	26.03961	4.2754564	62.66281	19.923838	-1.2403773	0.5176922	2.665911	-9.228937	-26.277924	0.0047167935	0.0046832985	1904.4601731300354
117	29.187513	2.4389505	31.742996	25.657297	42.374104	1.1246688	43.872272	40.6038	1000.0	1000.0	467999	26.03825	4.277146	63.120255	19.625145	26.038233	4.277165	62.643593	19.725971	-1.2441386	0.50442713	3.5612206	-8.549685	-26.275795	0.004668483	0.004574809	1922.228001832962
118	28.644138	2.8598437	32.65259	25.400799	42.62116	1.3623028	45.68416	41.29537	1000.0	1000.0	471999	26.002165	4.1971946	60.6219	19.982958	26.00217	4.197193	60.86534	19.907095	-1.2440156	0.5039837	3.7945328	-10.89675	-26.239885	0.004592483	0.00455389	1939.7617678642273
119	30.882708	1.2281646	32.77898	29.6539	41.106922	0.5387089	42.100857	40.449886	1000.0	1000.0	475999	25.999556	4.196022	61.263077	20.07518	25.999544	4.1960673	61.0828	19.907324	-1.2391483	0.5156688	3.3135977	-7.799219	-26.2376	0.004756915	0.0047579776	1957.5704896450043
120	29.412512	3.075337	33.13065	25.25857	41.07333	2.0896018	43.896065	37.650105	1000.0	1000.0	479999	26.009977	4.2252154	60.60207	19.859724	26.009987	4.2252107	60.05733	19.80049	-1.2413527	0.51213765	2.599857	-7.086773	-26.248453	0.0047484795	0.004754753	1974.9162032604218
121	30.84627	2.8409817	35.419647	27.615578	40.75599	0.91548663	41.801056	38.80279	1000.0	1000.0	483999	26.0087	4.2255483	60.54663	19.798542	26.008698	4.225549	60.283154	19.937159	-1.243348	0.5084997	3.0661626	-7.749029	-26.246223	0.0045651016	0.0045869425	1993.0784900188446
122	32.66019	3.836702	37.470997	27.845333	41.042538	1.4054252	43.284252	39.17692	1000.0	1000.0	487999	25.989933	4.190232	59.953556	19.689089	25.989927	4.1902533	60.124813	19.510803	-1.2434337	0.508724	2.4760425	-6.691022	-26.228016	0.004656697	0.004747773	2013.0823140144348
123	31.741827	2.2555568	34.98516	28.696404	42.1853	1.1247041	43.47063	40.264446	1000.0	1000.0	491999	25.994474	4.202657	62.951393	19.722185	25.994482	4.202647	62.37751	19.897049	-1.2440438	0.50669724	2.7739582	-7.894801	-26.232656	0.0047040186	0.0045821886	2033.1644582748413
124	30.255669	1.4067923	32.20359	28.4183	41.662216	2.0666907	45.283073	39.025608	1000.0	1000.0	495999	25.988865	4.189281	63.21584	19.51353	25.988855	4.1893153	63.54345	19.489536	-1.2443606	0.5081917	2.5063236	-7.0330606	-26.227007	0.0044579143	0.004467444	2053.1344027519226
125	31.25227	2.0763006	32.92125	27.74926	41.913353	0.84696156	43.714355	40.706715	1000.0	1000.0	499999	26.00388	4.2125053	62.634712	19.320848	26.003895	4.2125163	62.34795	19.45884	-1.2432212	0.5110077	2.8535023	-8.212173	-26.243078	0.0045116856	0.0045382045	2070.2920203208923
126	30.476248	1.4415066	32.35652	28.859434	40.649624	1.3642502	42.32822	38.34566	1000.0	1000.0	503999	25.98287	4.158546	62.1165	19.742458	25.982872	4.158598	62.471237	19.524824	-1.2435153	0.5104064	3.1063342	-10.885704	-26.220476	0.0044135414	0.0044307364	2087.014283180237
127	30.643738	3.2545376	35.205177	26.588453	42.82444	1.3476391	45.12052	40.731712	1000.0	1000.0	507999	25.992565	4.1535983	61.519394	20.382502	25.992565	4.153577	61.355907	20.430607	-1.2406464	0.5107851	2.6861234	-7.130949	-26.231417	0.004420837	0.004418292	2105.801306247711
128	29.701462	2.2471828	32.46679	26.690184	41.806744	1.8729237	46.173862	39.405514	1000.0	1000.0	511999	25.995037	4.1450076	61.48334	20.012218	25.995035	4.1449995	61.573524	20.060684	-1.2428488	0.51064366	2.8199158	-6.5441966	-26.234032	0.0043220185	0.004366458	2124.671713590622
129	30.60567	2.1819427	33.593452	28.246479	40.667366	1.9313422	44.265923	36.840847	1000.0	1000.0	515999	25.990898	4.1466165	61.423183	20.369278	25.99089	4.1466365	61.084137	20.032873	-1.2446396	0.50630337	2.577651	-7.732477	-26.22859	0.004518828	0.0045225755	2142.438784599304
130	31.249931	1.6803575	33.145226	28.955032	41.934746	0.72156525	42.76763	40.508183	1000.0	1000.0	519999	25.982777	4.124973	61.475834	19.770426	25.98279	4.1250086	61.657215	19.80962	-1.2463772	0.5037384	2.7849703	-9.450319	-26.22045	0.004488012	0.004289002	2160.6639833450317
131	28.811855	1.6294787	30.96484	26.490704	40.981583	1.5462347	44.88677	38.646935	1000.0	1000.0	523999	25.989136	4.1326084	61.666996	19.63344	25.989115	4.1325855	61.656845	19.899055	-1.243577	0.5058835	2.6332636	-7.271689	-26.22734	0.004371357	0.0044255066	2179.1682238578796
132	31.583008	1.450616	33.146385	29.22238	41.667545	1.5831101	44.147484	39.28241	1000.0	1000.0	527999	25.982994	4.138345	61.512226	20.317553	25.983007	4.138351	61.760387	20.090828	-1.2448939	0.50473416	2.7110066	-8.726362	-26.221516	0.0044701267	0.004345185	2197.5753540992737
133	30.256907	2.7712407	34.326168	26.51977	40.916664	1.1329058	42.809418	39.269962	1000.0	1000.0	531999	25.99034	4.1588774	62.09922	19.553093	25.990318	4.1589146	61.971428	19.172192	-1.245735	0.50187784	2.8829894	-7.0530934	-26.227722	0.004293878	0.004378927	2215.9765586853027
134	29.685314	1.0256563	31.297577	28.649944	40.06241	1.1330044	42.064686	38.549107	1000.0	1000.0	535999	25.971472	4.1188035	63.259174	19.493181	25.971478	4.118835	63.282913	19.67626	-1.2461274	0.49928972	2.6444707	-7.249299	-26.20922	0.004300025	0.0042232894	2234.305237054825
135	29.4452	1.1201773	30.833115	27.72106	41.304398	0.85218096	42.705643	40.14499	1000.0	1000.0	539999	25.962498	4.0865283	63.25946	19.197018	25.962505	4.086547	63.0031	18.956337	-1.2476028	0.5018187	2.5920053	-7.0382557	-26.20093	0.0043856814	0.0042968886	2253.663896560669
136	30.58236	1.5620869	32.423542	28.339346	41.372818	1.2241277	43.015957	38.690308	1000.0	1000.0	543999	25.954428	4.0607543	61.000664	19.212711	25.95442	4.060762	61.39494	18.905361	-1.2469484	0.4989031	3.0934162	-8.05265	-26.192656	0.0042110174	0.0041433545	2272.1436128616333
137	30.46721	2.2839773	32.96852	28.15724	42.0472	1.3630835	43.837517	39.553734	1000.0	1000.0	547999	25.952318	4.0523796	61.586258	18.764463	25.952312	4.0524	61.52656	18.53356	-1.2478464	0.49797848	2.870131	-7.848298	-26.189953	0.004272768	0.004311422	2290.3120098114014
138	32.569283	1.2875892	34.773872	31.530342	41.047768	0.9713331	42.24561	39.34669	1000.0	1000.0	551999	25.962837	4.0784864	62.334377	19.369057	25.962833	4.078473	62.57871	19.572315	-1.2469435	0.50077516	2.3125463	-7.03924	-26.201056	0.004342171	0.0042664097	2308.9876120090485
139	30.987625	0.63269323	31.87019	30.228172	42.738544	1.0416689	43.90016	41.018482	1000.0	1000.0	555999	25.952755	4.062977	62.278996	19.038818	25.952768	4.0630302	62.057926	19.015242	-1.2481364	0.498501	3.239908	-7.5843697	-26.190546	0.00423748	0.004228561	2327.8541333675385
140	29.312323	3.158927	34.559822	26.341099	41.43145	2.043567	44.907516	37.991653	1000.0	1000.0	559999	25.95024	4.032781	60.983143	19.39793	25.95024	4.0327973	60.942528	19.769535	-1.2481503	0.49888566	2.7457213	-7.0916924	-26.188358	0.004341495	0.0043197377	2346.3295352458954
141	31.012625	1.9092324	32.32648	27.720678	39.701927	1.6840683	42.8013	37.883263	1000.0	1000.0	563999	25.93651	4.0131674	61.24909	19.320711	25.936504	4.0131817	60.98422	19.642471	-1.2456443	0.5023389	2.8178816	-6.6977153	-26.175259	0.0042844214	0.0042554154	2364.284609079361
142	30.431883	1.674679	32.06094	27.727842	40.205544	1.9644186	43.941727	37.337914	1000.0	1000.0	567999	25.965553	4.0825458	60.21611	20.045204	25.965546	4.0825887	60.164696	20.217115	-1.2481451	0.49999508	2.4686012	-10.051559	-26.205109	0.0042913337	0.004261661	2382.735107898712
143	32.231308	1.5456185	34.44454	30.397734	40.350166	1.2209911	42.878445	38.953037	1000.0	1000.0	571999	25.939577	4.0211735	61.409615	19.953108	25.939575	4.021197	61.12296	20.126053	-1.2504072	0.49454695	2.3525832	-8.827615	-26.177052	0.004159728	0.004155343	2401.3433690071106
144	33.29233	0.56461704	34.076523	32.545944	40.460907	0.8777771	42.469154	39.416027	1000.0	1000.0	575999	25.9544	4.059734	61.912342	20.004408	25.954397	4.0597386	62.07461	20.032627	-1.2450575	0.50753963	2.826036	-8.000013	-26.19343	0.004145473	0.0041970075	2420.078592777252
145	30.803307	1.6286736	32.872456	28.31506	42.93168	2.8933833	46.98218	38.2191	1000.0	1000.0	579999	25.968073	4.0806575	62.830074	19.518816	25.968067	4.080702	62.71051	19.308872	-1.2492495	0.49383417	2.930334	-9.225193	-26.205698	0.0043888465	0.004402864	2438.355286836624
146	31.629913	1.7683421	34.03326	29.047466	42.355602	1.6159805	44.718197	39.7853	1000.0	1000.0	583999	25.94161	4.0154014	62.21114	19.15786	25.941626	4.015451	62.25645	19.043581	-1.2496406	0.496917	2.4580355	-6.8922005	-26.179237	0.0041404734	0.004094365	2457.9959025382996
147	31.937038	2.4796238	36.03127	29.9084	41.690514	0.76728576	42.543102	39.637047	1000.0	1000.0	587999	25.946243	4.021305	62.77816	19.292795	25.946228	4.0213094	62.485382	18.947014	-1.2486537	0.5006177	2.7595587	-10.352858	-26.185608	0.004139655	0.0041465918	2476.7628049850464
148	30.395039	2.0097177	32.717037	27.214817	39.68825	1.7121704	41.69771	36.94972	1000.0	1000.0	591999	25.947052	4.0316606	61.91296	19.554499	25.947058	4.0316873	62.80075	19.313385	-1.2487805	0.4977042	2.7650924	-7.1731224	-26.185074	0.004100179	0.0041050618	2495.335150241852
149	29.918537	2.1991801	32.211456	26.29242	41.240303	1.0586393	42.51302	39.18638	1000.0	1000.0	595999	25.949335	4.034303	63.135426	19.364008	25.94935	4.034322	63.14448	18.908325	-1.2475482	0.50144076	2.828092	-6.53862	-26.187244	0.0041632717	0.004131894	2512.0614054203033
150	33.329937	1.3168101	34.957424	31.364204	40.262684	1.228601	41.834576	38.118984	1000.0	1000.0	599999	25.957277	4.0681257	62.601036	19.848946	25.957268	4.0681467	62.60636	19.664139	-1.2493546	0.49543762	2.6887894	-6.304987	-26.196157	0.004035253	0.004132193	2529.0600440502167
151	29.957678	3.2361197	35.38548	26.952566	42.211983	2.4370458	44.77021	37.96081	1000.0	1000.0	603999	25.939148	4.0215116	62.14696	19.83288	25.939163	4.021491	62.2097	19.508629	-1.250248	0.49662352	3.1262403	-7.745698	-26.177496	0.004103095	0.004090374	2545.8199145793915
152	30.75113	0.39334407	31.356365	30.255432	40.4609	1.2244834	42.80616	38.438828	1000.0	1000.0	607999	25.933823	3.9858646	62.739365	20.09688	25.93381	3.9858937	62.86546	19.830997	-1.249911	0.49614158	2.7191906	-6.97463	-26.172993	0.00405496	0.0041258824	2562.722222805023
153	30.459202	2.4168937	32.717876	26.591217	43.402927	1.7400273	46.057095	39.389168	1000.0	1000.0	611999	25.930328	3.9844756	61.781322	19.897287	25.930328	3.9844608	61.470905	19.701864	-1.2508936	0.49236354	2.6469817	-7.4399357	-26.168438	0.0040182145	0.0040951166	2579.5875239372253
154	31.778164	4.2463646	35.049274	24.67478	41.029446	1.5234436	43.816635	39.022427	1000.0	1000.0	615999	25.917538	3.9725394	60.075367	18.96116	25.91755	3.9725552	60.36084	18.978151	-1.2506272	0.49276447	3.9285398	-7.130727	-26.157625	0.003905265	0.003966321	2596.4798436164856
155	32.391747	2.368653	36.042946	30.288464	42.5766	1.7413392	45.50563	39.61915	1000.0	1000.0	619999	25.928707	3.9955184	62.044937	18.697756	25.928692	3.9955552	62.41106	18.680517	-1.249813	0.4958731	2.741116	-7.800975	-26.167088	0.0040007443	0.004007724	2615.9912877082825
156	31.108826	1.5158149	33.3134	29.695536	40.352715	1.2115506	42.38279	38.825874	1000.0	1000.0	623999	25.924774	3.9833117	62.291916	18.663818	25.92479	3.9833076	61.95435	18.65464	-1.2509844	0.49452177	2.6242528	-6.9744887	-26.162848	0.004001325	0.0040052496	2634.1489629745483
157	30.136269	1.7124097	32.986004	28.525465	41.091698	2.0480552	44.065212	36.867283	1000.0	1000.0	627999	25.91601	3.9476144	61.32155	19.329967	25.916	3.947707	61.79537	19.156515	-1.2496825	0.49768424	3.185628	-7.850672	-26.154089	0.004031251	0.004044279	2652.5932886600494
158	29.20061	4.2758894	35.284286	23.947811	38.838768	1.5476933	41.72476	36.46005	1000.0	1000.0	631999	25.91219	3.9389138	60.554092	19.945164	25.912182	3.9389007	60.47589	19.437727	-1.2529984	0.48962334	2.6887553	-8.153961	-26.15148	0.003935783	0.0038981165	2671.063676595688
159	27.640175	1.6091133	29.350891	25.889187	41.434467	1.4626821	43.999454	39.197098	1000.0	1000.0	635999	25.898985	3.9303443	62.19891	19.968597	25.898993	3.930347	61.950523	19.801384	-1.2524563	0.4909886	3.5987113	-7.880074	-26.137535	0.004004662	0.003996692	2689.4153463840485
160	31.017204	2.5016425	34.373226	27.742176	41.289253	1.2995368	43.069138	38.389275	1000.0	1000.0	639999	25.904158	3.9466875	62.903442	19.496323	25.904167	3.9466865	63.61618	19.39748	-1.2540967	0.4890158	2.8769748	-6.7968087	-26.142437	0.0041722003	0.0041526966	2708.001494407654
161	29.855375	2.3932564	32.74983	26.98839	41.553627	1.5846651	44.327923	38.98033	1000.0	1000.0	643999	25.898603	3.9486618	62.78706	19.6125	25.898596	3.9486544	62.02104	19.437126	-1.2515018	0.49161053	3.1422687	-8.85524	-26.137121	0.0040525324	0.0040239803	2726.8064036369324
162	30.00538	1.9967582	32.1951	26.752483	41.479572	1.2675081	43.611794	39.7503	1000.0	1000.0	647999	25.903955	3.9636745	62.308857	19.534676	25.903955	3.9636874	61.888016	19.587313	-1.2527956	0.4871476	2.2949762	-7.2974653	-26.14199	0.004041331	0.0040836525	2745.700198173523
163	30.447094	3.2463048	35.907032	27.76518	40.411293	0.7755834	41.79575	39.41776	1000.0	1000.0	651999	25.889488	3.9239092	62.799007	19.73071	25.889496	3.9239326	62.953293	19.590925	-1.2540122	0.49093884	2.700667	-7.816112	-26.128958	0.003911008	0.003965705	2764.2988698482513
164	31.683506	1.4016865	33.0439	29.779057	40.931934	2.0066328	44.83295	38.33621	1000.0	1000.0	655999	25.886562	3.9270732	62.703854	19.537258	25.886562	3.9271002	62.510117	19.891968	-1.2511843	0.4903051	2.5256517	-7.0413866	-26.125141	0.003933728	0.0039119897	2783.1819701194763
165	29.468443	2.2760398	32.94782	26.685257	40.565163	1.2879608	42.84523	38.45473	1000.0	1000.0	659999	25.881338	3.918101	62.665092	18.777523	25.88135	3.9181082	62.62653	18.69155	-1.252	0.49235126	2.526568	-8.938957	-26.119688	0.0040228385	0.0040282956	2801.677708387375
166	29.505953	1.4661285	31.757149	27.835306	41.618736	1.2174915	43.533966	39.483345	1000.0	1000.0	663999	25.88188	3.924336	62.286644	19.019308	25.881872	3.9243567	61.928482	18.816822	-1.2517418	0.49303114	2.630593	-7.2907786	-26.120188	0.003942483	0.003936799	2820.103366613388
167	29.709606	1.1939265	30.837545	27.699532	41.454193	2.1763556	44.494785	37.999523	1000.0	1000.0	667999	25.890728	3.934551	62.7575	19.396467	25.890717	3.934568	63.027008	18.89666	-1.2535162	0.48978943	3.9711165	-6.628379	-26.130278	0.0039498243	0.003981553	2838.63907623291
168	29.017282	0.90421903	30.002634	27.82506	41.21212	1.0765079	43.303192	40.209316	1000.0	1000.0	671999	25.89206	3.9126966	63.81536	19.716276	25.892067	3.9127078	63.334026	20.004694	-1.2511454	0.49111074	2.8824103	-7.2206063	-26.130386	0.0040133656	0.003954138	2857.0595824718475
169	28.816738	1.229313	30.897543	27.782463	41.47855	1.5660475	44.016	38.279514	1000.0	1000.0	675999	25.874187	3.8678515	63.07167	19.366009	25.874193	3.8678586	62.995735	19.206303	-1.2521133	0.48815838	2.8618402	-7.388171	-26.112461	0.003942865	0.003885661	2876.071172475815
170	31.734577	2.674009	36.00873	28.857224	41.5711	1.3428489	44.081936	39.62309	1000.0	1000.0	679999	25.87697	3.8781533	61.79035	19.701645	25.87697	3.8782148	61.713993	19.674595	-1.2542428	0.48956016	2.810295	-6.9970064	-26.115694	0.0038493057	0.003876591	2894.3361213207245
171	30.927202	1.3343061	33.008595	29.375284	40.264812	1.3762654	42.562862	38.032375	1000.0	1000.0	683999	25.864614	3.8294094	61.453545	20.027817	25.864603	3.8294246	61.172962	19.899733	-1.2545861	0.4874876	2.9017494	-7.737756	-26.102924	0.0037898067	0.00378167	2912.5035696029663
172	29.66103	1.1298034	30.866522	28.281673	42.421577	1.169155	44.578957	40.290962	1000.0	1000.0	687999	25.882057	3.8863835	61.656708	19.987648	25.88206	3.886385	61.626076	19.880903	-1.2527401	0.49098766	2.7745545	-6.6877747	-26.121569	0.003835646	0.0038543234	2930.5443227291107
173	30.83027	2.7017643	35.21829	27.87967	40.94571	1.0305928	42.90291	39.098007	1000.0	1000.0	691999	25.883394	3.893742	63.141537	20.331593	25.883383	3.893785	62.846893	20.390652	-1.2531421	0.48797044	2.517311	-7.270976	-26.121727	0.0039028833	0.0038896045	2948.631734609604
174	30.651594	1.1811012	31.885857	29.11946	41.26567	1.3562022	43.44639	39.15077	1000.0	1000.0	695999	25.874212	3.8674517	62.295647	20.065453	25.874212	3.8674653	62.636147	19.852568	-1.2527546	0.48742625	2.2357023	-9.939322	-26.112778	0.0037770774	0.0038087836	2966.7249858379364
175	30.59906	0.9592596	31.221134	28.93964	40.249863	1.2586222	42.392555	38.264767	1000.0	1000.0	699999	25.870077	3.853476	60.455627	20.527327	25.870062	3.8535006	60.8066	20.474354	-1.2534584	0.4864603	2.7115278	-7.3738136	-26.108969	0.0038562736	0.0038787676	2984.8444826602936
176	32.21447	1.7292556	35.04175	30.610477	41.84609	0.9315749	43.042225	40.06723	1000.0	1000.0	703999	25.869993	3.8594503	60.552467	19.869349	25.869997	3.8594518	60.429	19.88509	-1.250921	0.49140364	2.629375	-8.061859	-26.10923	0.0037610328	0.0038274154	3002.9074363708496
177	29.624737	1.1131356	31.14206	28.319443	42.762302	1.972481	45.43941	39.50619	1000.0	1000.0	707999	25.87418	3.8625662	62.221336	19.838	25.874182	3.8626049	61.898426	19.814816	-1.2534239	0.4862181	2.756638	-7.374621	-26.112335	0.0038049952	0.0038339852	3021.1988298892975
178	31.322275	0.8666616	32.42305	30.31667	41.50074	2.5310357	47.012287	38.615665	1000.0	1000.0	711999	25.867197	3.8496509	61.87616	19.836468	25.867193	3.8496668	62.081017	19.606909	-1.2537067	0.4914363	3.3947482	-6.703352	-26.105999	0.0037724308	0.0038929563	3039.4173827171326
179	31.148075	1.0164835	32.37215	29.586256	41.182755	1.7117054	43.747696	38.586662	1000.0	1000.0	715999	25.867098	3.845314	62.225307	19.79531	25.867102	3.8453193	62.22456	19.820627	-1.2524931	0.48765418	2.9507809	-7.331251	-26.105183	0.0038651887	0.003794227	3057.8053822517395
180	31.102926	2.260914	33.788055	27.635506	41.65998	1.363436	44.179356	39.239883	1000.0	1000.0	719999	25.871637	3.852484	61.275112	19.261871	25.871643	3.8524957	60.672836	19.012415	-1.2524803	0.489547	2.7951307	-9.612106	-26.10967	0.003657866	0.0036927324	3076.2099318504333
181	30.786188	1.5678551	33.323532	29.029419	41.575203	1.6674504	45.306362	39.263325	1000.0	1000.0	723999	25.854677	3.8076985	61.19643	19.478317	25.85467	3.8077157	61.32555	19.41748	-1.2546476	0.4876999	2.5122252	-8.387753	-26.092714	0.0037967914	0.0038552205	3094.528489589691
182	30.508722	0.8439614	31.75402	29.493101	41.047382	0.6310093	42.177273	40.073685	1000.0	1000.0	727999	25.854633	3.8080907	61.07236	19.174145	25.854626	3.808081	60.8434	19.198957	-1.2538815	0.48721498	2.3934956	-6.952265	-26.092974	0.0036876863	0.0036977269	3112.97780919075
183	31.980633	0.99366504	33.69459	31.317001	43.40749	2.189322	45.66699	39.291935	1000.0	1000.0	731999	25.843327	3.7990375	61.56499	19.085585	25.843327	3.7990506	61.02556	19.370708	-1.2561232	0.48042703	2.888855	-6.8578024	-26.082293	0.0037215604	0.0037638857	3133.3363466262817
184	28.984901	2.1109967	31.804771	25.901451	40.987156	0.51787466	41.774742	39.873688	1000.0	1000.0	735999	25.83872	3.7825475	61.497883	19.504837	25.838715	3.7825737	60.963062	19.260815	-1.2555996	0.48096228	2.7789488	-7.627245	-26.07799	0.003699939	0.0036986317	3153.259078979492
185	32.581856	1.9375151	35.63795	30.59221	40.579384	1.4810077	43.215527	37.672142	1000.0	1000.0	739999	25.849852	3.802133	63.576073	19.301926	25.849846	3.8021488	63.28365	19.391504	-1.2535698	0.48689067	4.738528	-6.5192766	-26.088625	0.0037230032	0.0037131405	3172.3016681671143
186	29.930164	2.355876	33.850967	27.576033	42.94063	1.3645278	45.28577	40.401443	1000.0	1000.0	743999	25.857132	3.8079536	60.6842	19.595753	25.85713	3.807964	60.98245	19.426983	-1.2571079	0.4843218	2.5131216	-7.4252815	-26.095753	0.0037051463	0.0037282365	3191.783078432083
187	30.304592	2.227159	33.26729	27.931585	40.188423	1.0590069	41.722088	38.34534	1000.0	1000.0	747999	25.840837	3.7861323	62.31318	19.197367	25.84084	3.7861032	61.83957	19.288685	-1.254406	0.48750368	2.551893	-7.502227	-26.078815	0.0037083437	0.0037860342	3211.0915052890778
188	30.336601	2.0125387	32.49561	27.845724	40.20701	1.3626696	42.263866	38.029232	1000.0	1000.0	751999	25.849367	3.804393	61.368767	19.167377	25.849367	3.8044403	61.112843	18.703627	-1.25455	0.48525178	2.641962	-7.5101566	-26.088566	0.0036433262	0.0036709195	3230.658497095108
189	30.664146	1.5128489	31.958761	28.230448	40.887867	1.7473397	43.282276	37.75395	1000.0	1000.0	755999	25.84339	3.7849858	62.553688	19.361055	25.843388	3.7849658	61.785835	18.964354	-1.2541056	0.48550135	2.4715843	-7.8390336	-26.081587	0.0037310424	0.003794944	3250.078115463257
190	29.56843	1.4340346	31.752703	28.073418	39.68047	1.3341212	41.991535	37.49768	1000.0	1000.0	759999	25.841047	3.7652352	60.67203	19.603529	25.84104	3.765231	60.747177	19.353024	-1.2555306	0.4855396	2.2144935	-7.750983	-26.079576	0.0035891088	0.0036896353	3269.294192314148
191	31.266457	1.8817687	34.020645	29.210312	42.207176	2.0872006	44.9156	38.850433	1000.0	1000.0	763999	25.841692	3.7710454	60.868896	19.63249	25.841684	3.7710614	61.15767	19.499945	-1.2536577	0.48947403	2.7938707	-6.824259	-26.080711	0.0036719446	0.0036906376	3288.8927142620087
192	31.379726	1.1778322	33.079327	29.87959	40.809204	0.9066228	42.144596	39.37513	1000.0	1000.0	767999	25.84718	3.7696009	59.912216	19.54376	25.847193	3.7696266	60.13104	19.651978	-1.2560278	0.48252562	2.3032446	-6.470414	-26.086123	0.0036346293	0.0036980629	3308.2628588676453
193	33.14109	1.3598131	34.78599	31.768267	42.00195	1.0686135	43.393547	39.857727	1000.0	1000.0	771999	25.841278	3.763724	60.90926	19.488358	25.841267	3.7636845	61.13126	19.38989	-1.257596	0.47929403	2.4231513	-7.3989124	-26.079985	0.0035705382	0.003661803	3327.725014448166
194	30.0331	0.7509862	30.561377	28.74835	42.316597	1.3723782	44.024704	40.37218	1000.0	1000.0	775999	25.851463	3.7869341	61.704124	19.366503	25.851467	3.7869475	61.915283	19.509079	-1.2552314	0.48436958	2.8861866	-7.1993465	-26.08971	0.003719593	0.0037537606	3347.053292274475
195	32.578583	2.7633731	35.943188	28.27283	41.580223	2.0010333	44.122097	38.70525	1000.0	1000.0	779999	25.846352	3.7793267	61.81157	19.70923	25.846348	3.7793357	62.044556	19.28153	-1.2552297	0.48484507	2.2826204	-8.570099	-26.085102	0.0037182402	0.0037787703	3366.8066997528076
196	30.870262	1.4980094	32.036896	28.34453	40.0179	1.0342753	41.990406	38.67961	1000.0	1000.0	783999	25.843842	3.7769961	61.764545	19.159534	25.843845	3.7769861	61.74616	19.156313	-1.2554476	0.4819899	3.225346	-7.5027094	-26.082617	0.003573441	0.003596889	3386.305408000946
197	30.824024	1.54414	33.431103	29.397005	42.8608	1.3619717	44.86242	40.231583	1000.0	1000.0	787999	25.846182	3.7819262	60.320934	19.095737	25.846193	3.7819498	60.840363	19.230751	-1.2554219	0.48291567	4.1793356	-8.005751	-26.085732	0.0035835712	0.0036292996	3406.109934091568
198	30.285507	5.090456	33.96314	21.569786	41.67918	1.4683988	43.546318	38.66763	1000.0	1000.0	791999	25.839754	3.7724774	62.141697	19.324337	25.839752	3.7725034	62.348278	19.307968	-1.2574552	0.48173067	2.445116	-7.2402587	-26.078445	0.0036245077	0.0036506385	3425.4467644691467
199	29.832623	1.7322831	31.62232	27.191645	42.607838	1.4672534	44.930588	40.735317	1000.0	1000.0	795999	25.850212	3.7773173	63.693745	19.069431	25.850216	3.7773228	63.48365	19.260057	-1.2554343	0.48327178	3.567924	-7.006719	-26.08975	0.003625073	0.0036761798	3444.898061990738
200	31.133904	2.4181645	33.667507	27.799747	40.464394	0.7009467	41.452652	39.21179	1000.0	1000.0	799999	25.838593	3.7718704	61.72992	19.075577	25.838577	3.771905	61.813942	19.199905	-1.2572876	0.4808616	2.4496338	-7.180877	-26.076847	0.0036619592	0.0037097633	3463.6292250156403
