Epoch	AverageEpRet	StdEpRet	MaxEpRet	MinEpRet	AverageTestEpRet	StdTestEpRet	MaxTestEpRet	MinTestEpRet	EpLen	TestEpLen	TotalEnvInteracts	AverageQVals	StdQVals	MaxQVals	MinQVals	LossPi	LossQ	Time
1	-39.09776	59.376472	6.6906548	-328.41318	-596.51465	1043.3708	-30.966507	-2757.1611	98.15151	219.3	3999	7.735464	8.582798	53.571003	-12.535957	-10.314138	0.91777146	11.051120042800903
2	-40.160137	81.22525	10.494054	-402.91187	-387.87186	855.1549	-30.206406	-2948.3445	132.62857	135.9	7999	132.2244	88.553085	395.39966	-59.950268	-151.06161	51.329796	23.672544479370117
3	-159.2767	460.83145	1.5501856	-2652.8667	-691.2914	1129.1826	-41.45282	-2954.891	121.741936	235.9	11999	720.5183	235.78369	1265.6644	-353.29837	-770.2326	871.84296	37.378729820251465
4	-409.3563	839.7126	-22.303291	-2631.5789	-108.29299	94.86384	-23.24608	-365.13144	156.16667	38.7	15999	1141.2026	130.52882	1410.9423	-571.57043	-1170.2717	1752.8756	50.29288148880005
5	-242.73692	619.452	-9.223561	-2618.8613	-74.522964	47.547474	-17.345774	-176.30812	98.60465	29.7	19999	1218.3717	134.4328	1459.1711	-615.3608	-1242.5894	2353.1978	63.27493453025818
6	-627.5222	815.6541	-17.680649	-2046.3068	-55.979836	28.997246	-25.995132	-124.4234	314.30768	37.8	23999	1262.5549	135.07892	1569.6489	-761.4332	-1288.5236	1830.274	76.34127902984619
7	-196.76083	509.42917	-12.3223	-1963.305	-290.7771	614.1448	-0.97990966	-2125.9153	106.42105	151.2	27999	1306.6101	129.3183	1573.1295	-1828.2096	-1331.1136	1928.9398	90.16743469238281
8	-302.3363	576.47687	-0.14390913	-1940.436	-506.69394	828.8244	-18.346628	-2182.833	162.66667	250.8	31999	1302.5753	126.86651	1553.2429	-761.1644	-1324.5597	1713.6954	104.43264508247375
9	-215.6158	473.49643	-6.4512215	-1983.2311	-484.99463	828.5247	-8.524137	-2203.5044	115.29412	236.2	35999	1254.2854	126.00482	1497.4319	-786.482	-1273.8907	1941.1407	118.66663312911987
10	-1026.363	956.38446	-31.800833	-2070.2244	-847.8622	957.1305	-29.778961	-2356.6704	525.5	363.3	39999	1190.9343	116.59884	1409.7845	-666.32697	-1209.0865	1346.4208	133.618891954422
11	-365.0382	654.96967	-12.46792	-2070.0024	-107.12386	53.556637	-54.285667	-199.49736	182.48	57.6	43999	1118.4119	107.561775	1383.6444	-680.9456	-1133.9707	1126.9329	146.7222399711609
12	-608.92645	889.93964	-22.860836	-2141.183	-146.54459	253.03476	-16.09761	-885.52313	312.0	78.2	47999	1025.8636	100.821434	1227.5355	-772.60785	-1039.494	1096.9127	160.13000679016113
13	-644.59344	779.069	-23.926956	-2055.6099	-54.187828	34.51494	-20.304832	-127.93351	352.23077	48.6	51999	931.1591	91.94929	1131.9963	-671.6689	-942.8882	803.85205	173.3052864074707
14	-482.70462	708.94305	-16.70687	-2148.9275	-658.19635	1023.4149	400.22574	-2248.1196	240.05882	423.9	55999	831.0264	86.742584	1021.9738	-586.2807	-841.10767	654.04126	188.76499104499817
15	-584.67316	888.4222	8.648648	-2126.3113	-56.626892	45.459305	-17.115086	-167.60023	292.16666	40.7	59999	731.2435	77.289055	914.13837	-446.87796	-739.8829	485.6059	201.80153489112854
16	-537.28503	854.31683	-3.1387331	-2118.2966	-375.95795	626.9938	-30.814882	-2178.8645	274.0	290.6	63999	637.35846	68.51326	825.19336	-587.95624	-644.5033	366.70856	216.54917669296265
17	-653.6461	757.13214	-12.34654	-2042.7865	-274.14178	232.82278	-7.683439	-618.3608	410.2	392.2	67999	549.2568	62.170677	719.35144	-368.49487	-555.5028	264.78693	231.81727147102356
18	-324.11108	556.245	-0.23833676	-1792.2166	-205.6121	623.0819	457.5878	-1468.7219	320.57144	617.5	71999	470.76636	57.141396	659.3658	-373.5333	-476.03836	192.8182	248.44195699691772
19	-363.74973	550.2442	25.393885	-1542.7195	244.62471	516.3907	659.3339	-1139.2972	435.1	805.4	75999	401.21393	53.90565	555.2061	-287.20615	-405.78094	135.41098	266.31289196014404
20	-501.375	710.007	230.1523	-1511.4276	515.21356	66.00405	618.9997	408.9314	699.8	1000.0	79999	341.7393	52.308743	488.39163	-300.65793	-345.90088	111.79081	285.401319026947
21	-5.438551	267.9897	337.7348	-661.3998	10.82929	463.4484	483.1497	-930.385	491.66666	822.5	83999	292.7482	53.918404	443.45847	-299.11844	-296.54034	82.05053	303.34717988967896
22	129.6594	160.0765	318.75436	-72.492744	-258.90552	675.88464	786.8733	-1364.26	870.5	914.3	87999	252.13608	56.98855	385.9403	-254.67493	-255.70099	65.10487	321.96573090553284
23	-581.11536	700.79663	17.609924	-1726.4204	72.4231	622.35974	458.6515	-1382.2904	549.8571	1000.0	91999	218.84283	62.186726	353.0065	-266.52353	-222.37271	56.366634	341.2828481197357
24	-322.18793	467.70172	62.26565	-1231.0514	-459.78775	231.9277	-1.8097308	-642.0129	850.4	804.9	95999	195.63377	67.537865	327.54758	-185.526	-199.1546	48.087	359.14364361763
25	-324.02274	309.35632	11.672578	-714.62726	-871.3262	209.84221	-300.6881	-1031.1123	744.4	1000.0	99999	179.607	72.190926	338.29135	-187.67914	-183.15721	45.11996	378.224081993103
26	-587.4825	363.51904	-84.093124	-1205.5804	-1264.0273	664.48395	-8.330077	-1766.0258	751.8333	803.6	103999	168.956	78.47043	359.77744	-165.03543	-172.46172	49.592026	396.02335023880005
27	-396.6279	426.60776	-11.149437	-1464.2037	-588.8441	444.21198	-72.342224	-1450.8324	379.27274	764.1	107999	162.66907	86.84858	394.12952	-169.28247	-166.31581	52.601776	413.690630197525
28	-355.8423	293.5597	-52.18853	-835.88336	-43.02983	164.41325	287.09265	-355.37582	571.0	426.9	111999	159.871	93.95309	398.32098	-145.96533	-163.5103	55.171093	429.3617947101593
29	-129.10681	132.55971	3.1726792	-352.88303	-400.68475	575.164	-1.4837433	-1878.1935	676.0	369.7	115999	160.2953	98.08687	385.2689	-163.41049	-164.14716	54.191566	444.76013946533203
30	-309.0732	333.53564	-7.1992164	-865.6777	-289.0414	396.78064	133.39961	-1308.5137	556.25	528.2	119999	164.71957	101.715096	383.24432	-228.18454	-168.65938	55.91366	461.1423907279968
31	-362.19174	456.4091	-3.6929545	-1245.5159	-168.59253	262.48676	230.02312	-593.5266	660.8	526.2	123999	165.34163	103.35248	377.8628	-215.79053	-169.17888	54.01774	477.5220353603363
32	-469.6661	526.08966	52.764977	-1497.5289	-294.43753	302.63028	-16.167124	-834.4232	636.0	622.1	127999	166.5815	102.999565	356.7379	-186.62314	-170.37999	51.076633	494.45926427841187
33	-280.82343	227.62808	-74.60455	-787.6698	-620.8123	535.1003	68.3132	-1283.7125	417.22223	820.9	131999	166.50906	101.94819	373.96884	-225.42476	-170.2065	48.799187	512.5609438419342
34	-605.20856	482.63678	-15.122784	-1256.7272	-566.2709	832.0314	70.299774	-2551.4116	614.6667	553.6	135999	167.17467	99.61182	372.1302	-184.12056	-170.76974	49.120754	529.0877015590668
35	-239.29265	375.46643	-15.464358	-1435.7505	-822.9242	779.8774	-13.090335	-2408.787	342.64285	603.3	139999	167.01727	95.358604	365.12894	-131.93164	-170.6444	50.24627	545.9457430839539
36	-448.2833	359.94223	-10.26851	-953.3026	-612.62805	597.15784	-60.078026	-1518.975	575.5	536.8	143999	165.37868	91.83092	347.3544	-171.12823	-168.9329	49.303448	562.4107077121735
37	-562.8089	387.1105	-18.537632	-983.8551	-106.52605	136.75624	-18.181055	-493.84598	565.8571	303.7	147999	164.94518	88.29498	345.1272	-166.62369	-168.53256	47.593784	577.5074605941772
38	-237.75508	193.34013	-23.646013	-522.1938	-175.16231	371.41528	680.97845	-683.7621	417.3	621.7	151999	163.98515	86.35531	363.1335	-126.66141	-167.46349	45.893085	594.5394313335419
39	-185.66896	232.23256	86.51084	-600.4454	-129.43753	280.85468	404.92224	-543.46375	543.2857	448.8	155999	162.9719	83.7855	363.61807	-148.14035	-166.42319	42.50669	610.5248844623566
40	-84.472206	149.99951	297.10355	-350.80014	181.10033	345.27112	380.6637	-819.6859	312.06668	1000.0	159999	163.94138	84.20208	440.25204	-246.9466	-167.40059	42.934307	629.8594343662262
41	-605.85156	917.5987	41.080704	-2178.53	-129.25487	100.84227	-14.305499	-274.25598	930.0	513.6	163999	164.27657	83.55563	426.03726	-175.56769	-167.67632	42.127594	646.2448165416718
42	-129.28723	166.19461	-13.052093	-614.5654	-273.25558	410.1563	-38.466908	-1432.8542	279.35715	349.7	167999	165.87029	85.487724	456.49722	-174.51651	-169.4446	43.67347	661.6537356376648
43	-224.02063	265.48654	-25.846037	-874.29663	-223.84969	254.62933	-5.019967	-698.3491	368.75	425.3	171999	169.5359	88.735085	433.2221	-123.77711	-173.13289	49.082153	677.5301415920258
44	-599.77484	425.6242	-39.71069	-1106.3569	-104.43498	91.25472	-25.129934	-274.58096	804.2	226.5	175999	171.85318	92.57137	414.7926	-96.97417	-175.59044	52.79238	692.2646737098694
45	-166.22879	258.5715	126.1852	-804.08026	-170.17781	262.35184	-6.7383385	-711.05804	350.3	225.9	179999	178.13014	96.29957	418.19638	-161.65822	-181.92879	55.84522	706.9866077899933
46	-277.07425	186.94685	-59.757484	-501.38818	-169.33748	402.43134	278.98486	-1312.7484	595.0	322.3	183999	182.53111	97.15403	397.1761	-175.74117	-186.35625	54.936344	722.327951669693
47	-361.63153	173.61786	-76.68004	-546.2891	-406.3112	448.277	-7.4982376	-1305.8682	1000.0	468.8	187999	185.9208	96.32021	404.03534	-164.64824	-189.61066	51.10769	738.5552248954773
48	-194.79997	240.10892	-26.196962	-662.237	-70.73127	59.698406	-8.022633	-198.6238	468.8889	322.2	191999	185.17102	95.00544	415.7245	-154.79462	-188.67133	47.177353	753.9709932804108
49	-147.01083	182.16061	237.77243	-516.8908	-416.38077	555.0463	144.59761	-1335.3895	274.8	519.1	195999	183.25778	96.84798	421.90652	-138.56781	-186.64006	49.79724	770.550784111023
50	-199.16435	331.51443	355.84552	-835.3157	-149.66623	269.77444	-4.234744	-950.9672	428.77777	425.6	199999	180.96979	97.316505	429.37112	-140.15652	-184.3512	52.951523	786.396312713623
51	-256.3186	486.18228	357.4196	-1013.85284	-440.78677	380.3517	-28.58867	-1025.8314	803.4	546.0	203999	180.90074	95.68353	434.74887	-153.73056	-184.45003	53.35093	803.2750794887543
52	-184.90298	172.46428	-43.92529	-438.7745	-528.54987	783.64655	124.18921	-2464.512	407.5	547.7	207999	186.18372	95.34871	416.03833	-162.2777	-189.95688	57.16046	820.0269544124603
53	-296.12402	367.36884	169.45763	-898.3217	-696.61804	523.1942	191.9685	-1223.6238	677.5714	905.5	211999	190.86337	93.56305	433.39032	-140.08789	-194.548	56.404	838.9465472698212
54	-1001.0112	149.4644	-772.9643	-1161.7827	-326.3569	276.94922	-17.643507	-904.6592	943.25	540.2	215999	192.58865	92.43314	437.35757	-132.56783	-196.20226	54.545326	855.6560101509094
55	-489.1553	317.53323	-152.47864	-933.8846	-505.74673	498.7365	20.040272	-1207.9692	632.1667	549.7	219999	193.8871	91.307	413.5509	-115.30328	-197.40515	51.859055	872.3554604053497
56	-500.023	469.11746	-42.20817	-1184.632	-422.9271	526.84686	-7.19226	-1454.8035	537.125	437.4	223999	193.7976	87.82054	484.8401	-161.83664	-197.30064	48.644485	888.498398065567
57	-315.69727	426.0975	-30.861244	-1059.2333	-674.7809	494.44943	-24.537012	-1170.7937	431.875	622.7	227999	193.01886	83.94967	431.81604	-145.41637	-196.47377	45.310707	905.7339282035828
58	-287.91043	425.13626	-48.442932	-1441.0505	-55.61805	69.555466	-11.834537	-254.75154	420.63635	244.8	231999	189.83556	82.416214	421.19	-122.57562	-193.03535	44.2654	920.6651017665863
59	-8.938567	71.31674	160.16672	-99.73383	-477.8912	610.9135	368.20718	-1446.6923	407.25	629.4	235999	188.14478	85.03975	442.88043	-124.81004	-191.5071	46.221985	937.9069063663483
60	-368.63672	78.80319	-275.13556	-465.37033	-390.809	326.9286	-52.17678	-1015.0942	838.6	623.3	239999	188.08472	87.83755	429.44287	-107.51861	-191.45847	48.927025	955.2278213500977
61	-273.409	375.3781	-24.536638	-1063.535	-716.8799	332.1909	-56.753067	-1178.889	313.0	906.5	243999	189.06102	87.44078	387.72153	-236.51001	-192.43318	53.20785	974.2232882976532
62	-409.38168	290.1971	-143.70471	-892.76984	-150.85373	453.82562	434.25424	-1077.8502	1000.0	1000.0	247999	186.89091	84.62764	398.03534	-154.3884	-190.06648	47.409218	993.9154071807861
63	-369.6845	300.68713	-30.107294	-803.7297	-437.5672	351.39264	131.14572	-1169.0305	556.0	904.1	251999	183.21123	81.494736	375.1442	-118.75753	-186.25687	41.442307	1012.8996992111206
64	-540.0556	414.77762	-26.111979	-1103.1075	-854.68	638.54614	619.0925	-1363.5997	602.4286	901.0	255999	178.30968	76.302376	337.61615	-154.28423	-181.3489	38.76467	1031.7636368274689
65	-303.6175	281.03046	-40.713326	-777.4528	335.87555	293.8417	578.2613	-472.58978	516.0	1000.0	259999	174.33118	71.95068	372.603	-109.30678	-177.317	37.064384	1051.352701663971
66	-455.17023	504.6514	-15.393449	-1443.8148	-526.3243	726.6319	-35.132656	-2513.8743	732.6	775.6	263999	168.6252	68.46345	345.8699	-151.11066	-171.3695	34.4983	1069.6285724639893
67	-313.95184	287.88577	-24.378036	-927.85046	-102.02447	275.3036	174.21616	-819.03265	608.4286	807.2	267999	161.6992	64.96535	351.1705	-105.80618	-164.36172	30.540445	1088.1059715747833
68	-456.501	524.1606	15.620412	-1464.9089	-541.68665	753.9608	529.10724	-1659.8503	649.1667	531.1	271999	155.88531	62.43643	307.5148	-103.392365	-158.51591	30.473234	1104.8980643749237
69	-390.30008	468.9114	151.99254	-1237.5059	-228.90234	402.55353	544.0643	-740.13654	870.4	828.8	275999	151.35986	61.825016	311.65625	-186.04488	-153.90082	26.456606	1123.5488052368164
70	-91.98012	302.18018	376.22717	-565.4377	-225.23267	434.37482	370.17508	-1022.9154	685.4	649.3	279999	147.47272	60.580795	301.34012	-114.08986	-150.00482	25.028984	1141.1323223114014
71	-204.34454	449.38144	149.1028	-1593.9103	18.239712	312.9377	531.2386	-648.6423	374.58334	534.5	283999	144.0648	59.71153	300.64856	-116.85695	-146.50279	25.265038	1157.9406671524048
72	-127.29382	178.25781	-4.616481	-602.6425	-47.257095	47.870018	-9.984694	-166.10046	362.83334	129.3	287999	140.08527	57.64398	326.16556	-104.0094	-142.49751	24.459307	1172.3173611164093
73	21.643417	107.28165	246.07857	-78.51715	-229.07431	389.12415	211.8702	-1000.157	529.0	627.5	291999	137.00217	55.73287	293.4194	-113.08542	-139.35541	23.40339	1189.8331220149994
74	-88.514175	121.00667	5.042515	-420.2121	-595.23016	787.89764	259.47708	-2057.761	370.30768	519.4	295999	134.82668	56.03983	299.75253	-156.58984	-137.29214	23.10832	1206.5846481323242
75	-186.29504	487.84958	326.65866	-1563.7452	303.33124	197.99216	550.87445	-66.641045	327.6	806.7	299999	133.45482	56.43773	299.80664	-113.07725	-135.81331	22.293472	1225.1293325424194
76	-283.6093	281.2876	36.120583	-699.98004	-11.038509	259.95245	550.0557	-564.63916	572.1429	902.4	303999	130.7371	54.224495	286.96555	-95.846176	-133.02333	21.279594	1244.2791907787323
77	-5.767578	86.1589	168.84558	-133.91345	58.39984	344.8578	703.0785	-512.2497	632.7143	524.1	307999	127.82688	51.64457	275.61166	-128.69704	-130.10931	20.01575	1261.0482578277588
78	-68.810814	204.81903	219.17537	-445.06348	69.14771	164.7231	446.11508	-72.793	587.8333	238.1	311999	125.48199	50.384613	268.3322	-181.84128	-127.71799	18.980808	1276.1260423660278
79	-91.497314	252.06288	307.81424	-663.5422	460.36118	293.11908	814.5259	-152.31427	467.4	901.0	315999	122.41708	48.552	282.71152	-101.185905	-124.554306	17.733286	1295.3114798069
80	78.891365	135.6298	230.61678	-84.21921	373.9027	149.45657	575.6924	124.93724	638.6	1000.0	319999	118.76284	48.16732	246.9592	-102.67466	-120.852554	16.849018	1315.0269215106964
81	-167.57455	132.11247	-29.395185	-346.2439	486.56992	170.54912	572.4699	-22.445702	805.0	917.8	323999	116.1517	47.777122	258.98523	-166.09688	-118.28987	17.783281	1334.409414768219
82	-0.45893914	158.27393	255.55408	-225.2286	-6.9690437	137.8685	358.50485	-144.3968	628.2857	823.8	327999	115.6159	46.864506	251.24876	-101.28491	-117.735916	16.923313	1353.0287659168243
83	-57.399837	301.29236	480.60977	-481.73358	-69.24421	175.57469	77.91151	-540.4661	687.0	715.6	331999	114.94709	46.503525	250.20282	-99.20148	-117.05463	16.656933	1371.1684296131134
84	-80.62023	174.77827	39.463367	-514.3715	-10.629672	453.39716	507.13205	-1217.4368	431.875	721.1	335999	113.56017	45.44229	233.65024	-118.70903	-115.57191	15.803193	1389.302562236786
85	-98.491455	270.45526	46.32986	-978.6389	472.48056	123.05184	731.00714	295.53708	342.33334	1000.0	339999	111.56415	43.81603	217.89815	-99.82122	-113.59038	15.284137	1409.0896315574646
86	-42.504807	469.70148	539.12946	-637.3682	264.6703	255.51746	527.5793	-348.5695	1000.0	902.1	343999	109.87731	42.290672	275.9137	-103.66932	-111.86711	14.428646	1428.3457412719727
87	283.6624	197.32756	533.3284	-31.187046	357.69736	57.899757	477.00732	294.4024	815.6	1000.0	347999	108.11739	40.73922	216.171	-83.99584	-110.05451	13.896252	1448.3052968978882
88	316.55185	117.01356	490.38977	169.63583	165.70998	372.18542	560.70844	-763.19556	1000.0	902.9	351999	106.37391	39.807358	218.99821	-101.37627	-108.33369	13.63561	1467.5664825439453
89	-51.34799	171.98314	188.90956	-362.33868	-274.51877	423.53436	232.6573	-1175.9398	521.6667	653.0	355999	105.35027	39.882362	216.8343	-91.14445	-107.26639	13.476352	1485.286808013916
90	-23.865082	272.60513	391.37717	-371.94882	385.9546	303.18158	617.60626	-308.1076	783.75	1000.0	359999	103.49329	38.813927	220.3605	-91.56375	-105.36097	13.060703	1505.171355009079
91	40.09092	268.99664	344.0818	-477.2464	661.864	18.217377	682.8588	619.6886	802.0	1000.0	363999	101.56616	37.762726	215.24908	-98.738594	-103.43042	12.471567	1524.994066953659
92	252.83968	131.37885	445.14124	81.06449	504.0624	145.52147	804.5381	331.117	893.75	1000.0	367999	101.01528	37.356857	217.09418	-143.81459	-102.89277	11.976717	1544.7750885486603
93	230.32516	186.5311	425.70956	-115.38215	630.033	43.989372	671.2598	534.54785	806.0	1000.0	371999	100.43362	36.40197	217.03194	-92.26513	-102.29831	12.250626	1564.6956014633179
94	383.55627	285.43558	612.03534	-103.544365	597.96295	63.2765	704.32513	492.94675	996.0	1000.0	375999	100.21134	34.941067	205.48428	-78.27806	-102.09442	11.940145	1584.769926071167
95	173.42612	340.21185	572.7747	-380.6473	471.86688	58.408512	578.1361	334.8624	805.0	1000.0	379999	100.83749	34.318523	208.00607	-93.59248	-102.75387	12.170231	1604.749772310257
96	235.64314	206.26457	551.29016	-34.622517	294.6217	504.00574	813.15674	-929.0809	725.0	851.4	383999	101.5524	33.71454	210.51265	-90.82277	-103.436264	12.53565	1623.7884004116058
97	282.10376	165.22472	421.9391	-15.470239	-122.75128	260.04382	371.08948	-635.66656	709.2	622.1	387999	101.94314	32.499104	207.28986	-90.426254	-103.82456	12.369194	1641.539935350418
98	-808.2573	559.4262	-35.124153	-1699.2855	-293.6396	171.41017	110.32669	-526.1834	727.0	1000.0	391999	104.45027	31.055458	201.19801	-80.41775	-106.57674	13.849662	1661.5195968151093
99	76.51932	311.29065	518.40753	-325.17398	518.84454	92.71243	688.0804	411.60712	1000.0	1000.0	395999	108.2455	29.635584	221.19629	-71.21937	-110.28111	13.253681	1681.4559643268585
100	574.5354	37.722187	629.60944	527.4984	224.11227	100.20754	515.92444	154.5517	1000.0	1000.0	399999	107.70478	28.120615	216.06865	-83.55249	-109.57502	11.703589	1701.5325858592987
101	409.0827	260.8652	589.0202	-41.086575	186.43391	98.53734	302.36264	0.9909684	1000.0	1000.0	403999	106.98884	26.162842	265.92618	-87.36047	-108.8507	12.430336	1721.5123381614685
102	439.9988	132.42567	576.2381	228.60208	554.1778	237.4058	721.625	-35.23472	1000.0	1000.0	407999	106.84088	24.77501	281.78098	-80.61472	-108.72434	13.106257	1741.4613089561462
103	-108.237	197.42781	204.84625	-320.00842	240.87517	328.46048	694.0564	-231.89452	810.2	912.7	411999	107.23339	25.121746	266.422	-65.417366	-109.16092	13.300371	1761.022548675537
104	48.4651	326.65784	431.80832	-616.064	484.18927	202.18037	711.455	-33.979164	744.1667	867.1	415999	107.9808	25.481129	286.6304	-96.00554	-109.84411	12.7090645	1780.2880940437317
105	318.2879	110.255135	425.1994	153.05925	545.66565	60.3439	624.07294	476.66418	890.0	1000.0	419999	108.15707	24.706804	345.47092	-146.43289	-109.98961	12.691036	1800.2282366752625
106	410.14807	72.76386	473.68628	286.39236	76.1132	622.64545	891.46234	-1361.7	1000.0	952.9	423999	106.72936	23.177233	315.4904	-74.7911	-108.49363	12.737136	1819.9342532157898
107	393.73303	243.12463	696.4859	90.53153	412.32544	188.29665	784.2367	18.642048	1000.0	1000.0	427999	106.10291	21.842829	291.36325	-132.41264	-107.857735	11.723262	1839.9939739704132
108	-0.15505219	373.8322	487.2718	-410.8746	485.67764	256.62274	763.6297	-2.9242792	1000.0	817.9	431999	104.72094	21.158777	318.5537	-100.10432	-106.42159	11.3375	1858.8411121368408
109	250.7285	194.98439	462.17062	7.073988	414.3393	318.71442	844.0588	2.2032168	984.75	619.2	435999	103.91476	20.335863	355.5776	-92.14107	-105.66534	12.203058	1876.6049175262451
110	9.227521	429.2166	467.19687	-651.8537	-82.64445	424.00305	409.08392	-879.483	954.8	519.4	439999	103.67408	19.544344	453.92737	-78.43994	-105.44883	12.58667	1893.7427871227264
111	-112.3428	280.0722	129.10275	-877.6569	-544.119	585.0342	544.7276	-1520.7592	328.54544	907.3	443999	104.05409	19.031897	430.66348	-108.56707	-105.8132	12.024889	1913.3006002902985
112	-354.52084	416.47354	101.92537	-918.89874	163.78088	334.4304	491.58517	-702.45044	717.0	1000.0	447999	104.40045	20.239733	456.9075	-82.128334	-106.245	11.971968	1933.5685069561005
113	-434.7006	367.69183	9.051816	-952.52966	-133.38112	447.9975	532.8048	-1226.3375	677.5	430.5	451999	106.68178	23.916687	426.61948	-110.416664	-108.55447	12.584035	1950.1550776958466
114	-173.79904	182.36597	24.229288	-441.16763	-297.19873	768.3897	660.9941	-1777.463	538.3333	623.8	455999	107.23948	26.052511	398.33258	-116.35288	-109.03176	10.749862	1967.9898607730865
115	230.94653	258.87088	522.23236	-115.32021	703.1483	240.75208	830.5611	8.021221	777.75	1000.0	459999	107.14234	28.920681	284.59174	-132.91766	-108.89727	10.037191	1988.1378734111786
116	400.11395	278.60443	620.71313	-77.52857	638.95276	255.36143	859.1702	-15.952963	1000.0	908.8	463999	106.48561	30.574738	221.69737	-96.49899	-108.20366	10.170252	2007.7638070583344
117	570.95984	134.61581	718.75635	359.16696	599.1782	314.15955	911.62726	14.491433	1000.0	1000.0	467999	105.15244	31.52009	233.639	-71.340164	-106.818985	10.302065	2028.1728942394257
118	200.02917	229.15808	528.4816	-173.39566	558.266	125.97644	686.1907	247.13701	733.6667	1000.0	471999	104.16458	31.258606	221.7117	-71.772896	-105.84773	10.045216	2048.308205842972
119	649.7047	17.609564	667.1227	620.3385	366.4035	230.03918	825.45746	-90.25444	1000.0	1000.0	475999	103.67061	31.301893	199.40024	-81.84658	-105.373344	10.000893	2068.494938135147
120	278.2232	216.36891	570.43726	-23.287214	612.8996	199.87589	846.14294	211.98915	809.6	1000.0	479999	103.76497	30.49702	197.39497	-86.34143	-105.45249	10.37047	2088.7249360084534
121	183.85225	580.25476	728.2258	-758.35077	674.11414	81.78404	716.211	437.81766	1000.0	1000.0	483999	102.7043	28.6568	211.5195	-93.35983	-104.329025	9.630336	2108.8978843688965
122	205.02493	118.63614	395.13422	98.68903	340.19052	262.69382	768.4117	11.637773	903.0	804.1	487999	101.42738	27.789341	198.66336	-66.3633	-103.078804	9.490211	2127.859261751175
123	423.40512	231.22026	644.5852	38.81467	597.6029	226.66483	821.0143	61.445477	1000.0	905.4	491999	100.7355	27.133324	207.21263	-70.47666	-102.35523	9.427566	2147.4743180274963
124	316.51953	270.99664	708.44556	-56.094463	671.8483	98.582405	789.10944	417.87973	822.8	1000.0	495999	100.2794	26.164995	188.33228	-87.19367	-101.91938	9.338533	2167.694810628891
125	138.67122	350.65375	645.5503	-443.6614	332.314	279.4553	673.39575	-239.09871	815.2	1000.0	499999	99.91023	25.9806	211.98827	-77.44706	-101.565704	8.894492	2187.899026155472
126	243.07202	244.31372	512.0381	-125.63366	247.08218	317.22806	688.1145	-256.30054	826.6	1000.0	503999	100.67188	26.940928	213.85803	-76.20379	-102.33863	9.4021015	2208.0824780464172
127	502.2479	264.99976	710.71655	47.24035	653.95764	116.44732	762.272	418.08084	1000.0	1000.0	507999	100.86896	27.766113	206.50905	-69.4806	-102.53416	9.081444	2228.2933559417725
128	112.48145	381.32767	526.9111	-474.14157	480.50018	194.91577	726.11005	71.11663	1000.0	1000.0	511999	101.16892	27.910528	260.87146	-77.23998	-102.806725	9.063512	2248.545721769333
129	302.03473	232.74493	573.2951	-29.04774	98.052605	554.18774	739.68176	-914.3029	1000.0	924.9	515999	101.11765	28.120941	189.63791	-113.448	-102.73756	9.038364	2268.37806558609
130	260.68118	301.96017	527.7964	-295.03046	3.8583407	251.27031	458.1479	-510.43008	728.6	739.6	519999	100.37846	27.89544	167.31183	-118.48068	-101.96183	9.04319	2287.1352672576904
131	555.2874	128.79803	705.37524	374.25775	740.54913	29.837572	799.6377	696.19775	943.0	1000.0	523999	99.72007	27.202755	175.6908	-66.4714	-101.30128	8.623391	2307.462357521057
132	446.5728	298.25424	764.12787	102.61439	448.97607	259.96228	722.37103	29.70488	1000.0	809.9	527999	99.31978	26.538565	164.74959	-104.63391	-100.90798	8.812481	2326.548045396805
133	438.6944	253.74985	777.4992	168.778	723.28235	117.63745	826.46735	390.73044	906.5	1000.0	531999	99.35191	25.721718	209.2727	-95.617546	-100.96846	8.785084	2347.371650695801
134	486.2893	217.44514	652.0091	55.56657	443.75644	94.62481	539.51935	233.5419	811.0	1000.0	535999	100.00751	25.092312	195.11919	-61.33183	-101.62512	8.468997	2367.7148609161377
135	622.04065	151.90341	848.51013	427.96796	427.80118	167.48108	629.1885	105.50186	1000.0	915.6	539999	100.33707	23.977217	199.30266	-60.46757	-101.92441	8.316471	2387.566738128662
136	545.1301	344.79718	892.61383	15.122281	785.74866	327.65485	932.48486	-194.30902	677.1667	1000.0	543999	99.91298	23.419834	238.64098	-59.823547	-101.459045	7.9945545	2407.9909014701843
137	716.856	75.273476	813.1304	616.34045	553.4842	273.1894	787.0928	-188.37689	1000.0	913.6	547999	99.52888	23.0274	278.38095	-72.08618	-101.11866	8.698795	2428.1470634937286
138	608.38214	173.68095	785.87946	320.2708	512.66223	231.1648	787.9428	63.560074	863.25	816.0	551999	100.18327	22.386436	242.64977	-60.21103	-101.80579	8.604632	2447.5875749588013
139	704.1209	89.72366	797.4278	581.37317	419.53287	109.34492	550.70355	251.77353	1000.0	1000.0	555999	101.34845	21.65715	354.78836	-73.790764	-102.961136	8.870371	2468.0697515010834
140	673.0592	124.933	805.4435	510.12415	534.6576	140.5736	828.5678	272.48483	1000.0	1000.0	559999	102.75877	19.919828	280.74585	-81.31647	-104.43902	10.132986	2488.647284269333
141	668.8189	80.30776	805.17334	604.1239	495.76715	20.690697	540.3153	470.15176	1000.0	1000.0	563999	105.12775	17.459545	270.29596	-82.87489	-106.8548	9.896412	2508.9574766159058
142	611.5817	247.35034	905.8554	197.10812	751.9956	128.24184	874.6284	528.6671	838.0	1000.0	567999	107.04244	16.903389	304.51385	-75.37811	-108.70927	9.576999	2529.35289978981
143	832.9457	159.54408	1084.3671	681.0373	40.113853	803.9826	1303.8359	-1283.5942	953.0	962.6	571999	107.52753	17.380512	248.22255	-57.99601	-109.13511	8.671703	2549.5496785640717
144	558.4259	295.1057	818.8086	7.081632	624.86707	147.19336	938.0715	389.69098	988.8	1000.0	575999	107.77575	19.075796	199.629	-96.33007	-109.395515	7.911293	2570.004426240921
145	218.7453	295.83722	525.1683	-178.03397	397.38586	298.87723	850.3315	-89.72127	899.25	907.4	579999	109.63268	21.78563	242.20525	-75.44859	-111.39763	8.703369	2590.1314074993134
146	99.475	357.44843	708.21216	-471.82492	12.465091	123.17819	219.47495	-312.4431	582.1667	236.7	583999	112.52228	24.962128	314.6101	-95.052795	-114.29406	9.523365	2606.0627825260162
147	-88.31643	425.77792	588.65735	-690.09174	-119.90544	674.23895	665.1723	-1659.5338	813.0	905.1	587999	115.56573	27.738457	251.08244	-68.89528	-117.36942	10.43198	2626.1101467609406
148	242.80377	289.60458	427.44308	-258.33447	343.96805	276.6368	653.84924	-17.902515	1000.0	968.3	591999	116.45768	28.626177	249.1647	-111.98583	-118.13544	9.732458	2646.4549674987793
149	392.791	327.04257	795.3329	-43.92709	511.78876	171.37234	637.81396	38.629166	813.4	906.7	595999	116.21006	28.412598	207.34729	-77.030655	-117.8688	9.303763	2666.604434490204
150	144.1173	297.17383	502.46738	-345.65625	327.03232	420.72943	1096.1862	-396.663	816.8	817.5	599999	115.61672	28.373117	250.8967	-95.81351	-117.248985	9.2756605	2686.008737564087
151	168.23534	312.46838	610.19574	-446.95703	285.87036	190.96915	599.5573	126.797	660.5714	963.7	603999	114.48063	28.015749	231.56296	-63.71213	-116.107254	9.810166	2706.340496778488
152	397.2707	211.35582	634.3999	57.45921	263.27856	221.27861	752.10187	36.851578	1000.0	590.6	607999	114.88389	28.073893	261.38028	-54.513348	-116.643654	10.721178	2724.4865334033966
153	234.61415	212.09387	583.89044	-101.77197	651.8831	373.14545	1010.6941	-202.53471	586.1667	1000.0	611999	116.24657	28.199375	235.81682	-58.862755	-117.971886	11.125074	2745.0609669685364
154	462.71808	303.09973	867.72046	68.81784	70.94723	270.63895	379.67676	-333.46146	829.8	808.4	615999	116.93981	27.28763	249.118	-80.30537	-118.6489	11.606513	2764.603451728821
155	306.2701	263.3096	758.8872	27.46004	117.06554	170.738	482.97324	-145.28503	808.2	371.9	619999	117.25326	26.443531	221.26204	-88.670975	-118.97139	11.676516	2781.872265100479
156	204.5155	85.95452	333.03415	87.06241	209.86966	160.3219	418.2925	-6.557912	558.8571	714.0	623999	118.21423	24.848108	222.20248	-67.56583	-119.894394	10.839904	2800.991536617279
157	443.93402	261.91864	851.2465	149.94038	487.5252	243.76617	1032.3832	152.21457	1000.0	658.4	627999	117.508	23.64652	215.30136	-60.33341	-119.09845	9.897062	2819.597620010376
158	443.14853	264.19333	854.26355	123.84496	232.08025	280.374	610.3233	-217.43727	724.2	803.5	631999	116.31741	22.903605	215.06721	-78.508545	-117.91008	9.941084	2839.000749349594
159	354.19345	217.64218	635.89465	62.64759	482.95068	364.57974	1380.1134	119.14116	628.1429	794.6	635999	115.83057	22.822958	218.85243	-110.2758	-117.45408	9.4751	2858.4755804538727
160	406.0495	194.80623	595.6026	90.86842	280.41113	181.3243	608.31085	-44.6752	893.75	613.7	639999	115.37994	23.309927	254.0491	-83.61379	-116.99547	9.530182	2876.9204573631287
161	238.60371	137.69016	416.32745	-19.875828	911.7704	359.4077	1417.5906	266.90958	695.1667	870.5	643999	115.39758	23.25936	257.13715	-83.3795	-117.0297	9.942812	2896.792378425598
162	412.92627	79.59689	505.3672	304.87228	575.38983	207.61424	991.962	295.5776	869.0	853.8	647999	115.56856	23.189901	251.83849	-80.57428	-117.21083	10.314313	2916.5572094917297
163	361.77585	525.765	917.8056	-501.9117	989.57697	228.43683	1351.6622	660.4295	1000.0	994.1	651999	115.53512	23.007372	231.68019	-129.53587	-117.13147	9.684943	2937.169525384903
164	542.72345	480.25824	1168.1311	-147.05362	525.90594	307.65225	1088.6719	11.850741	891.0	669.2	655999	115.05521	23.20681	209.38838	-82.42089	-116.62134	8.75919	2955.7204897403717
165	509.45892	325.80496	869.53613	-33.83711	573.22614	382.41946	1150.2163	24.296156	933.2	593.9	659999	114.5128	24.27285	194.25758	-82.78615	-116.07826	8.75725	2974.018959760666
166	308.77634	394.7453	909.30524	-332.39816	489.6209	311.90097	901.67615	-247.75432	595.3333	860.5	663999	114.05683	25.410675	166.99995	-78.14095	-115.62803	9.151024	2993.865896463394
167	501.49048	208.14334	680.172	98.99842	485.24628	258.9094	919.6942	150.02666	727.6	557.0	667999	114.58697	26.606977	187.6011	-61.16852	-116.19977	9.060066	3011.8267052173615
168	669.7026	275.5737	1055.3064	124.29531	759.5021	306.27374	1230.5039	156.40273	785.6667	920.0	671999	115.17662	27.347158	193.23402	-68.95186	-116.81627	9.783111	3032.0095970630646
169	604.9722	185.9669	861.36285	372.3198	987.6498	414.60812	1500.1952	50.936954	851.5	834.1	675999	115.66592	27.456163	250.07509	-75.278275	-117.265854	9.678054	3051.5824851989746
170	743.3607	297.3432	1091.5242	312.11575	1082.99	109.742035	1203.2618	816.98315	857.2	1000.0	679999	115.76757	27.433222	197.34288	-79.51259	-117.35784	9.656228	3072.047601699829
171	544.48737	305.3891	956.3354	75.97068	666.9344	307.42188	1146.046	112.918335	751.5	751.0	683999	116.2381	27.470423	202.01334	-74.72809	-117.82787	9.350232	3091.1196010112762
172	629.828	454.79837	1325.4928	211.53484	697.141	452.78088	1196.6488	-244.12927	690.0	818.5	687999	116.64484	28.029974	193.07028	-69.131355	-118.22048	8.954944	3110.5926806926727
173	608.57086	432.7971	1249.1932	30.005905	808.2664	201.59201	1164.7426	381.93237	745.1667	1000.0	691999	116.55951	28.978779	176.00833	-110.73999	-118.13479	9.791214	3131.297852754593
174	707.8524	354.26013	1224.4885	151.88313	693.8902	432.74686	1326.659	6.786596	819.0	867.7	695999	116.9695	29.775116	175.39192	-77.53969	-118.582466	9.700382	3151.1474401950836
175	345.38083	245.01787	785.5125	48.7079	1062.9613	249.10548	1397.8053	632.537	452.875	1000.0	699999	117.42132	30.32212	175.66823	-121.94717	-118.99322	9.823167	3171.7473499774933
176	644.41345	193.86636	825.4517	285.0542	438.48712	291.93405	915.432	61.485996	869.8	578.1	703999	117.18487	30.252878	180.31874	-70.95018	-118.72868	9.76126	3190.0341742038727
177	667.27356	146.52928	816.69415	508.3051	657.2174	372.65695	1220.9231	-2.0529962	1000.0	790.5	707999	116.93862	29.937998	176.21043	-77.568924	-118.49122	9.945197	3209.510415315628
178	648.2194	344.04553	1083.831	221.1886	545.002	256.8809	959.9462	82.11344	649.0	768.9	711999	116.83446	29.937517	177.95085	-96.83951	-118.377815	9.620385	3228.8944532871246
179	768.2171	282.31625	1121.103	429.6077	263.79773	554.9776	944.94244	-1242.7578	1000.0	909.0	715999	116.86268	30.41473	181.93478	-130.43924	-118.41898	9.936673	3249.20850276947
180	922.0736	274.36374	1208.9187	496.76007	180.69617	86.44344	384.26752	95.06719	1000.0	1000.0	719999	117.25425	30.469261	178.68544	-73.84942	-118.833015	9.532926	3269.9717111587524
181	993.2915	296.6926	1391.4067	558.82214	1132.38	109.06541	1233.3679	844.39075	861.0	971.8	723999	117.74156	30.60333	198.26138	-110.02467	-119.302315	10.044075	3290.3971071243286
182	1075.3243	194.13194	1263.6766	767.8117	969.2848	632.27185	1665.1233	-205.18855	1000.0	840.6	727999	118.1691	30.152552	219.25623	-72.14234	-119.72823	9.981956	3310.192881345749
183	668.9583	255.17937	1179.6481	327.87665	784.0138	458.05634	1577.307	-59.474926	735.5	968.5	731999	119.20837	30.02742	197.95575	-72.46681	-120.798904	10.210678	3330.8690373897552
184	851.9535	286.6449	1097.0763	316.8149	1039.3755	582.49225	1591.3444	-133.67805	828.0	850.7	735999	119.82239	30.337185	178.28929	-79.02615	-121.38977	10.15329	3350.594102859497
185	686.26965	252.81258	959.4321	366.81458	507.01105	672.7835	1520.9291	-1079.567	782.2	1000.0	739999	120.41176	30.435846	209.92445	-73.91339	-121.99053	10.395739	3371.6395976543427
186	707.51953	247.78021	1121.9513	479.08655	1151.6256	241.48608	1398.6366	588.9145	856.0	964.4	743999	120.79826	31.028818	250.21341	-94.08375	-122.35752	10.375775	3392.214931488037
187	773.3192	311.4161	1196.5975	361.37512	569.1256	346.57693	1381.4458	119.66265	865.6	697.4	747999	121.11559	30.830883	340.69672	-60.789856	-122.706314	11.448716	3411.2820239067078
188	1091.3751	403.66364	1457.6451	314.17108	446.44342	391.77444	975.8059	-291.4799	846.0	683.8	751999	122.55208	29.353508	198.73132	-75.98242	-124.17479	11.076715	3430.2439653873444
189	789.80566	492.20026	1240.1279	70.17556	1189.5262	409.9629	1523.8208	266.8927	698.1667	920.2	755999	123.19143	29.269892	223.93762	-106.20797	-124.71227	10.281316	3450.4974324703217
190	640.6452	355.02515	1272.6146	253.56624	453.10254	518.65674	1262.0748	-663.5369	793.4	672.3	759999	122.46703	30.412945	188.08188	-87.74558	-123.99276	10.072172	3469.3955824375153
191	574.47534	316.0525	943.79224	86.2616	563.6695	716.09924	1472.8481	-382.9255	1000.0	834.1	763999	122.5441	32.394615	185.8012	-77.17957	-124.09544	9.773868	3489.3556096553802
192	760.9509	339.1988	1396.9879	376.1977	1178.6152	227.34824	1460.0107	819.72473	759.0	1000.0	767999	122.78307	34.15674	194.44774	-85.09375	-124.357544	11.207482	3510.1464903354645
193	999.41406	377.46814	1429.3799	373.72324	891.90564	388.88037	1459.7507	159.85724	855.2	822.4	771999	123.85807	35.099476	191.66156	-90.19101	-125.4858	10.689059	3529.883279800415
194	682.6716	220.21646	964.46344	358.62683	522.17053	279.6213	1000.6544	43.73827	835.0	815.9	775999	125.38008	36.330833	192.99727	-138.76546	-126.99599	10.748576	3549.892557859421
195	646.81036	504.0457	1202.8184	-22.683868	1325.7706	510.33575	1719.0249	123.16873	827.0	908.7	779999	126.34004	36.45325	192.42844	-75.93154	-127.95434	11.124068	3570.1690866947174
196	557.93207	468.787	1297.1908	122.20407	109.5546	393.76376	552.4648	-838.6511	640.7143	752.4	783999	127.38966	36.616924	196.20212	-73.26001	-129.03406	11.328162	3589.7714607715607
197	189.43808	1167.0687	1168.3248	-1772.2306	574.4453	331.30743	1109.3943	42.529037	832.0	564.6	787999	129.64818	37.339268	197.27621	-80.157646	-131.3906	11.738445	3607.992910861969
198	448.871	456.63715	1013.7992	-116.58421	1430.1212	224.65312	1617.9979	773.40076	569.1429	951.4	791999	131.84367	38.574142	211.92601	-137.27255	-133.55243	11.222959	3628.4237773418427
199	1068.9183	317.11942	1497.6101	656.4916	558.2456	477.52936	962.7231	-537.02686	993.25	905.9	795999	133.25014	38.631332	197.87558	-90.60747	-134.90147	11.693804	3648.7380146980286
200	957.76013	255.40352	1153.3561	467.79633	285.96558	407.61945	881.84064	-645.9396	887.6	726.2	799999	134.53302	38.795624	211.39772	-94.90466	-136.23949	11.355375	3667.988340139389
