Epoch	AverageEpRet	StdEpRet	MaxEpRet	MinEpRet	AverageTestEpRet	StdTestEpRet	MaxTestEpRet	MinTestEpRet	EpLen	TestEpLen	TotalEnvInteracts	AverageQ1Vals	StdQ1Vals	MaxQ1Vals	MinQ1Vals	AverageQ2Vals	StdQ2Vals	MaxQ2Vals	MinQ2Vals	AverageLogPi	StdLogPi	MaxLogPi	MinLogPi	LossPi	LossQ1	LossQ2	Time
1	-90.14481	129.89438	12.796549	-339.05713	-5.2964525	39.420406	59.059147	-86.91155	284.07144	345.4	3999	5.6259146	3.701148	26.8677	-5.7443085	5.625734	3.7002976	27.065107	-6.238154	-4.330383	1.6690097	21.516235	-14.793935	-6.759315	0.2031074	0.20651244	13.266792058944702
2	-39.002026	82.65596	28.407349	-355.18918	40.86481	123.27443	342.80334	-84.07969	129.74193	421.9	7999	21.113138	7.535563	57.573307	-8.502979	21.114128	7.5342793	57.120075	-6.096076	-1.7374116	2.8340611	19.991385	-15.810155	-22.802752	0.96233207	0.9549169	29.619395971298218
3	-134.32687	208.53166	15.75425	-605.0541	44.971622	152.14226	377.81805	-164.90948	330.25	352.5	11999	42.400005	8.447988	83.40904	-15.919409	42.40021	8.444161	85.79991	-10.158353	-0.73817664	3.3134391	25.911716	-16.126133	-44.17526	1.9452903	1.9762855	46.035184144973755
4	-63.13146	119.0541	11.241195	-335.60236	393.59048	291.54633	761.03455	-5.661962	267.2	639.1	15999	48.299503	8.875066	92.1587	-23.262589	48.299625	8.886346	90.06083	-16.807928	-2.3255193	2.4907744	20.477928	-15.284361	-49.2487	2.2592256	2.15705	64.53799343109131
5	-30.193428	70.9612	52.220005	-191.51268	545.2221	270.80606	766.13776	12.801908	299.46155	808.7	19999	46.03358	9.488824	90.41686	-40.27148	46.033924	9.491212	89.75153	-27.57838	-2.6771088	2.263752	18.6751	-15.048528	-46.81033	2.0650485	2.0381966	83.99043011665344
6	-67.28468	62.491974	32.759495	-136.05263	512.4877	247.90404	809.8332	34.691463	655.4	771.1	23999	43.3576	9.451828	86.37517	-30.821594	43.357815	9.452084	86.276085	-27.696438	-2.8874378	2.1895626	23.127861	-15.851896	-44.095535	1.6247048	1.6050509	103.25528931617737
7	19.552942	40.51166	142.94447	-38.75952	543.2694	277.7403	860.74786	70.18258	265.33334	751.7	27999	42.02539	9.541992	89.379005	-26.205109	42.024784	9.544455	88.71498	-24.336481	-3.0378726	2.116576	22.896812	-16.540651	-42.690125	1.6471514	1.6531931	122.40284442901611
8	32.733173	54.41258	144.06252	-42.437138	673.6605	255.37152	879.5121	29.413927	361.3	841.6	31999	41.113953	8.899708	87.14573	-28.039598	41.113735	8.901663	88.3396	-28.920118	-3.0857012	2.0900795	19.408754	-15.496135	-41.758923	1.7017673	1.7051762	142.2875099182129
9	47.475704	37.041527	101.04003	-6.3243914	604.05566	298.45755	948.4302	119.87252	386.55554	713.5	35999	40.84869	7.9695735	80.277626	-24.859383	40.84812	7.967698	82.536736	-25.608696	-3.1657	2.073622	24.43021	-16.69006	-41.487885	1.5711102	1.5861892	161.33478116989136
10	63.678616	64.74938	183.41432	-3.1825223	497.92178	358.9891	923.10956	21.392431	417.63635	564.1	39999	41.089405	7.1368833	80.35046	-28.381279	41.089294	7.137975	77.93684	-32.08447	-3.2322822	2.043912	24.835556	-14.252623	-41.752743	1.3088868	1.3076228	179.5266478061676
11	96.00098	42.19793	177.28621	19.28237	639.6	334.67642	1007.7518	28.429102	362.33334	704.3	43999	42.570076	6.6519814	85.86753	-29.978666	42.570133	6.654541	87.29734	-23.755585	-3.2774773	2.033538	21.902308	-16.205658	-43.24614	1.3012509	1.2757875	198.72650814056396
12	119.00449	42.390438	157.94174	42.50205	689.1221	302.8294	964.8768	40.815384	673.0	823.6	47999	44.52046	6.2433863	89.449646	-29.156866	44.52008	6.2440166	84.42479	-19.610556	-3.2734785	2.0113578	23.13839	-14.984613	-45.20807	1.19873	1.190011	218.56463170051575
13	117.86113	72.454414	223.40163	18.149164	773.50366	253.65135	986.62384	74.96711	479.125	906.5	51999	46.67271	6.025807	90.066986	-34.265434	46.67246	6.028711	89.16989	-43.084427	-3.321774	2.0049286	22.930342	-15.376891	-47.36257	1.1855166	1.1754348	238.79896759986877
14	212.0332	78.28833	343.92972	82.099075	661.0033	242.27458	970.32764	19.783972	750.0	902.6	55999	49.032906	5.9115205	91.64284	-25.883522	49.03258	5.920488	90.231316	-33.214706	-3.3230972	1.9944305	29.055925	-15.211406	-49.725883	1.1786702	1.1537012	259.09218192100525
15	167.72507	109.926445	314.8157	14.44882	761.7414	101.28648	901.1055	606.18286	595.0	1000.0	59999	51.38966	5.9083743	93.244125	-42.769035	51.389214	5.9134927	92.31328	-26.706823	-3.30996	1.9994237	24.635284	-14.398408	-52.079693	1.1629573	1.1470227	279.8940327167511
16	123.24372	85.18497	219.33484	0.30235952	709.3072	365.9636	1002.6693	13.717726	517.1111	805.8	63999	53.566616	5.881536	93.16646	-24.34644	53.566525	5.881839	90.9856	-27.56729	-3.3135703	2.0190308	34.006836	-13.689825	-54.255714	1.1525582	1.1690264	299.68208265304565
17	170.90735	105.4207	298.5849	9.197633	565.8606	367.87527	934.8508	100.121605	560.1667	634.4	67999	55.778305	5.985712	93.01571	-25.445385	55.77785	5.9871187	92.6327	-27.387562	-3.3179111	2.0154989	25.898006	-14.504532	-56.465454	1.1223755	1.1369725	318.85097646713257
18	170.42831	67.20686	241.01472	26.76769	400.94437	373.08453	1018.9886	13.905191	624.2857	464.6	71999	57.91501	6.024884	89.53163	-31.580912	57.9146	6.0273147	91.58196	-46.880363	-3.33192	2.0100396	28.659315	-14.920311	-58.60628	1.0881587	1.0952324	336.8591892719269
19	178.4753	129.39583	382.8042	25.311996	625.74994	387.1277	1012.2857	71.36427	680.5	648.9	75999	59.938625	6.144512	90.99673	-25.009365	59.93871	6.1392236	89.772095	-38.802227	-3.368813	1.9778159	24.641706	-15.837745	-60.619884	1.1087836	1.1406331	355.94542241096497
20	216.12057	103.9604	362.75436	76.272964	815.3971	252.23291	1064.919	186.73866	587.8571	914.6	79999	61.6379	6.37438	91.591995	-32.542202	61.63746	6.370081	90.59824	-33.16489	-3.3879812	1.9393774	29.308178	-15.291788	-62.314972	1.0956169	1.1496065	376.36350774765015
21	227.93066	110.270035	389.5986	41.402813	509.32446	414.51215	982.54016	44.563564	696.8333	541.3	83999	63.281345	6.6174846	93.86405	-34.075275	63.281464	6.613237	90.36819	-31.890408	-3.3841388	1.9589657	29.853428	-15.180904	-63.94566	1.0928948	1.1015337	394.82241201400757
22	148.3795	152.89862	433.21176	-12.698139	647.1761	296.28354	899.23114	42.117073	356.9	807.9	87999	64.77151	6.768562	91.51111	-50.34021	64.77131	6.7667933	92.98785	-31.016445	-3.3950562	1.9562151	32.10375	-15.953553	-65.42385	1.201839	1.2164633	414.70913457870483
23	229.67012	135.31447	480.0098	38.976196	491.92383	343.76416	959.7676	51.553875	556.125	625.7	91999	66.02779	7.1209126	94.19709	-41.706276	66.02773	7.118879	93.84302	-32.375034	-3.3713644	1.9691969	27.857952	-16.515709	-66.68561	1.1790224	1.1875498	433.5769953727722
24	189.717	111.47378	320.61865	14.470809	249.94547	354.54938	1002.77997	17.118464	594.1667	242.0	95999	67.38278	7.3721414	96.35986	-34.90768	67.38302	7.3696394	97.08702	-38.70045	-3.3435159	1.9828135	29.333345	-15.599966	-68.03834	1.1968731	1.2231444	450.3462247848511
25	242.40266	167.2379	441.35553	13.440898	295.4029	404.09613	1026.1929	6.550315	515.7143	270.2	99999	68.70436	7.5058527	102.35395	-36.300034	68.70422	7.506505	98.70901	-24.313128	-3.3195515	2.0222557	31.289406	-14.5405445	-69.356186	1.3409389	1.3228245	467.316490650177
26	253.02614	68.436584	352.7384	139.73265	875.67004	170.45973	1159.8376	600.78436	547.7143	1000.0	103999	69.79564	7.5465302	98.110344	-43.839905	69.795395	7.546866	98.42054	-36.220963	-3.3371973	1.9737886	31.483433	-14.845042	-70.44375	1.3551399	1.3446813	488.47786045074463
27	257.53784	73.14408	328.65363	124.63598	633.8927	361.19458	1074.8044	35.36552	813.4	722.2	107999	70.96913	7.5327516	102.441345	-63.0414	70.96938	7.5311375	101.63227	-64.510254	-3.367024	2.0021846	40.48306	-15.971983	-71.61852	1.2514977	1.2465243	508.08685851097107
28	178.89333	129.17287	437.89246	10.39992	462.6417	383.00186	1043.9349	77.98434	313.14285	542.5	111999	72.18147	7.43471	101.77818	-42.98678	72.1814	7.4368486	103.28153	-33.125767	-3.323741	2.0338662	35.702965	-15.883379	-72.82738	1.3498166	1.343456	526.5440473556519
29	205.52925	180.7155	608.3466	40.63576	920.79395	598.66003	1812.1617	21.069614	411.0909	718.6	115999	73.2432	7.3656178	103.733025	-47.65381	73.24321	7.3661733	105.69978	-72.03758	-3.3419378	2.0252655	31.163136	-15.205507	-73.89444	1.4686629	1.4303352	546.1052491664886
30	276.99176	136.12292	506.383	93.01756	857.9115	353.0127	1094.5072	6.8514028	513.8571	822.6	119999	74.13961	7.252164	104.27601	-34.81605	74.139465	7.2537303	107.00461	-37.550014	-3.336834	2.020549	33.5724	-14.80509	-74.773	1.4213685	1.4128348	566.2806465625763
31	333.09622	191.1078	633.1883	16.737455	990.7874	330.25357	1485.6119	99.60884	711.3333	905.2	123999	74.91043	7.34286	105.82546	-41.576885	74.910355	7.347621	107.7898	-54.295303	-3.2989206	2.0538502	43.699894	-16.181402	-75.548676	1.4250968	1.4145333	587.0633010864258
32	234.19936	149.6198	439.42392	3.5403335	631.64465	433.85477	1172.4513	87.40372	476.875	482.1	127999	75.671425	7.293253	107.09331	-56.082813	75.671104	7.297877	108.31074	-69.78617	-3.2952466	2.0603652	42.56511	-17.038397	-76.30512	1.5485864	1.5424625	605.3140285015106
33	292.84964	136.26215	503.1977	86.577545	580.97437	439.77444	1067.5475	31.094954	810.8	619.5	131999	76.46829	7.2373085	110.90453	-46.352577	76.46837	7.241003	111.46754	-42.829765	-3.2800384	2.0989068	47.186287	-14.972667	-77.1107	1.4414285	1.430716	624.3620347976685
34	276.6089	136.29634	452.25046	32.358097	885.3201	346.2557	1151.7208	142.41795	597.6667	820.3	135999	77.44722	7.173429	113.96738	-31.484268	77.44711	7.177087	116.364716	-40.246395	-3.2395575	2.1095972	40.82737	-13.808165	-78.092064	1.4374963	1.452812	644.8424937725067
35	215.48892	158.96394	536.922	24.573517	823.8358	239.25462	1221.0688	454.85928	387.2	1000.0	139999	78.27598	7.173006	114.752045	-43.616173	78.27585	7.1714196	117.9484	-42.514065	-3.2320778	2.1554	45.19375	-14.893566	-78.91611	1.5540935	1.5537609	666.2416398525238
36	349.41928	132.27342	554.32434	112.542496	940.21014	294.1503	1161.2611	85.11058	703.3333	852.0	143999	78.99306	7.2590156	118.46874	-50.609413	78.99275	7.258203	117.052315	-59.457447	-3.199954	2.1521304	70.32631	-15.680796	-79.63384	1.4999254	1.5435727	686.739785194397
37	446.03467	232.53761	834.7471	118.45839	800.0804	456.4503	1306.1492	64.289604	815.8	656.0	147999	79.72699	7.3455567	122.05041	-62.87955	79.72721	7.339647	122.85822	-42.56853	-3.2111907	2.1676702	47.78703	-16.154266	-80.36598	1.5573411	1.5910681	706.0865504741669
38	379.49112	251.72762	877.10016	94.54178	1103.8196	574.6809	2262.448	128.13263	726.5	791.3	151999	80.372086	7.4999337	121.3546	-42.883423	80.37161	7.4957666	122.78437	-53.9287	-3.193273	2.2049778	68.781075	-14.321283	-81.01874	1.582708	1.5974644	726.2456283569336
39	401.16357	234.8848	859.6596	99.26397	827.6377	424.9629	1320.3481	61.417374	594.8571	731.4	155999	81.17442	7.807908	121.63743	-56.29417	81.17431	7.800421	123.25864	-58.721954	-3.1691391	2.220452	31.902208	-15.617483	-81.80668	1.6793818	1.7289382	746.0878801345825
40	308.16382	282.01785	891.0804	24.795115	1377.3649	349.26706	2291.2837	1084.7747	487.7143	961.7	159999	81.70138	8.047041	121.9089	-52.747444	81.70154	8.044794	123.70871	-50.065216	-3.1401565	2.231289	61.23218	-14.826982	-82.340096	1.8651751	1.8085353	767.2132065296173
41	589.0828	403.36725	1345.9734	252.57082	735.4208	521.0223	1586.3668	113.3285	810.2	497.8	163999	82.24655	8.2685175	128.74178	-42.51992	82.24681	8.273349	131.84523	-48.9242	-3.145752	2.2439036	73.71744	-14.95373	-82.8702	1.7021133	1.6838381	785.746110200882
42	450.11392	127.66154	681.5039	354.79892	516.0174	401.00305	1192.5289	39.205578	841.0	456.4	167999	82.765564	8.464109	129.54425	-58.96509	82.7653	8.461058	132.65198	-46.75162	-3.1240296	2.2510235	34.867027	-14.96916	-83.39756	1.756785	1.7461916	804.046834230423
43	358.2068	186.48972	710.636	200.44638	920.39355	806.64087	2224.5754	52.042522	704.2	503.8	171999	83.32532	8.781006	131.12859	-60.828808	83.32545	8.787041	129.53796	-75.21407	-3.1221478	2.2746146	37.87302	-15.014957	-83.955826	1.8268492	1.7573565	822.5182664394379
44	483.5396	248.04681	787.38007	65.57153	1093.0038	342.54172	1582.7743	445.71588	809.0	845.2	175999	83.79975	9.019958	132.51093	-50.88374	83.79957	9.022506	133.1188	-58.950993	-3.0886166	2.3091986	34.601254	-14.8241415	-84.42347	1.77016	1.7527076	843.1716551780701
45	393.6626	204.83902	722.66785	169.67268	980.0353	258.34674	1283.0006	248.70395	621.7143	912.2	179999	84.3796	9.50775	136.38947	-55.46153	84.38004	9.506391	136.36502	-54.707844	-3.068466	2.334934	60.14615	-14.637928	-85.01165	1.8427279	1.8164114	864.1922693252563
46	493.24374	243.78201	758.4851	32.43479	1738.2683	656.6714	2707.9656	379.0912	589.8333	882.0	183999	84.8979	9.984699	136.37804	-62.572227	84.89768	9.983533	137.1379	-64.94241	-3.037251	2.3841524	40.152843	-13.644264	-85.52628	1.9334357	1.9245561	884.8007166385651
47	579.905	536.55365	1702.0543	92.56067	1256.1339	745.72546	2670.3743	18.981386	689.5	695.9	187999	85.44824	10.35851	139.1712	-66.39446	85.44825	10.360877	135.95033	-58.00622	-3.0381963	2.3776479	45.18313	-14.061032	-86.06236	1.9787976	1.9248074	904.5336892604828
48	640.4121	360.1692	1306.1364	265.97815	1120.4863	396.94922	1834.9794	191.01518	821.0	798.0	191999	86.00268	10.777186	139.54874	-67.53871	86.00271	10.782165	140.28325	-64.05763	-3.011914	2.4049122	50.6605	-13.798843	-86.617	1.9949385	1.9705894	924.837221622467
49	570.5512	162.34189	875.0965	425.6214	1552.2552	519.7463	2455.352	1024.0065	744.8	960.8	195999	86.48136	11.242137	140.55019	-71.48185	86.48154	11.244979	139.86597	-84.44972	-2.987541	2.4317324	48.215515	-17.355007	-87.09078	1.9434812	1.9327083	946.072300195694
50	315.30466	119.76888	520.5371	218.4487	973.8585	694.6912	2380.3875	67.795586	1000.0	617.1	199999	86.90998	11.710086	141.58075	-88.05594	86.91029	11.7110615	142.36366	-67.61885	-3.0234125	2.4231572	35.211056	-15.599422	-87.52967	2.00257	1.9588416	965.3782994747162
51	867.9013	339.24838	1302.1351	356.2057	1314.2466	629.42096	2562.8171	396.60135	795.8333	856.8	203999	87.40494	12.119801	145.2961	-59.164135	87.40511	12.124538	144.79651	-36.611897	-3.0201259	2.4228685	40.846825	-15.260433	-88.01002	1.9428222	1.8699422	986.0402283668518
52	644.46094	506.06424	1606.164	-2.0557675	1318.0283	825.4636	2652.2546	200.47191	521.7143	737.3	207999	88.03733	12.637972	146.79854	-46.053894	88.03741	12.637996	144.38242	-74.39726	-2.9628768	2.4614553	49.63896	-16.233955	-88.625595	2.1458585	2.1232274	1005.9634714126587
53	901.3517	232.20755	1151.8068	461.01385	1329.4094	883.9394	2916.4504	290.14194	808.2	699.2	211999	88.66009	13.40961	146.86217	-65.32678	88.6602	13.410298	149.72208	-56.790794	-2.8824704	2.5356717	50.90631	-13.899599	-89.25383	2.2928684	2.2512872	1025.7727410793304
54	658.20074	365.3389	1099.6428	280.75174	1579.374	891.9576	2817.6753	284.83826	1000.0	778.0	215999	89.23016	14.068173	149.47163	-92.87513	89.23011	14.07016	154.00609	-63.029827	-2.8588538	2.5788507	46.573128	-14.770239	-89.82391	2.2088027	2.170188	1045.890305519104
55	936.53186	694.2939	2367.7056	103.49526	1237.4982	994.5238	2971.4424	74.42684	584.8571	423.1	219999	90.02962	15.154321	157.73825	-63.276974	90.02988	15.158582	159.13159	-69.39786	-2.8179278	2.642726	48.44931	-13.9334755	-90.62204	2.2880116	2.277662	1064.0598866939545
56	818.2476	697.46967	2293.7456	100.019394	1299.8286	653.6736	2378.7954	388.0647	481.44446	607.4	223999	90.80673	16.1992	155.67027	-66.76771	90.80694	16.198664	160.99532	-81.30841	-2.7757308	2.6947384	54.82997	-14.506315	-91.38747	2.525063	2.5643368	1083.3934843540192
57	789.69324	799.4481	2144.4856	137.83958	1521.716	758.3291	2777.8845	375.08093	771.25	675.5	227999	91.6467	17.295439	159.64185	-59.97499	91.64671	17.293709	163.14175	-55.68138	-2.7080421	2.7102594	42.727707	-14.181122	-92.22631	2.6153169	2.5771139	1103.078260421753
58	1691.7538	910.9634	2522.0005	276.05487	1797.6061	893.18896	2713.0764	85.01832	1000.0	821.0	231999	92.44655	18.372229	160.56892	-47.602703	92.4469	18.374857	164.92155	-61.452274	-2.6791608	2.730622	39.097977	-16.413963	-93.02048	2.8146694	2.750458	1123.4895696640015
59	1461.5907	890.3285	2620.143	350.9454	2017.4545	1048.7834	3340.3164	739.4645	688.4286	677.4	235999	93.36898	19.638666	168.21129	-86.17652	93.36916	19.641981	170.69928	-67.87051	-2.6028767	2.8269296	46.201992	-15.04912	-93.927925	2.93117	2.8948305	1143.192571401596
60	1551.3295	406.3814	2054.6191	1017.2578	2145.1282	802.17664	3252.2085	1094.7438	936.0	950.3	239999	94.53411	21.151573	171.25	-75.10481	94.53419	21.150894	171.6704	-65.275764	-2.5556316	2.8511934	47.617886	-18.264149	-95.087776	3.1210136	3.1139328	1164.4695074558258
61	1075.8212	380.71854	1434.5319	325.30997	2827.8018	101.62964	2994.6738	2666.6238	560.8571	1000.0	243999	95.68407	22.717943	175.13974	-70.54493	95.68459	22.71292	173.56155	-74.5227	-2.4858084	2.9339643	43.666798	-14.212	-96.23073	3.1957011	3.1582272	1186.1776852607727
62	1300.5796	818.65015	2442.0264	101.17557	2397.7085	999.7123	3400.5205	948.1948	709.6667	930.9	247999	96.87004	24.332863	181.06499	-75.33754	96.87036	24.333843	178.64299	-68.02719	-2.4433067	2.9703074	55.004787	-14.311479	-97.41103	3.4270327	3.3983395	1207.3834295272827
63	1894.3088	948.5336	2715.4893	572.2067	3264.6672	271.05328	3492.3152	2515.6262	715.6	975.1	251999	98.4058	26.116608	185.55345	-121.0282	98.40572	26.120085	185.17644	-137.15944	-2.3628132	3.0546446	54.724068	-13.97657	-98.94529	3.8114867	3.7303784	1228.6593625545502
64	1024.1022	626.9435	1783.4581	169.19925	1328.9314	866.8889	3188.0393	424.00464	730.0	619.2	255999	99.44144	27.42584	190.98761	-71.7412	99.44151	27.430367	190.54346	-87.574486	-2.3112874	3.0935678	50.90879	-16.061283	-99.96581	3.8593187	3.7472813	1248.2039258480072
65	2067.738	627.7588	2713.955	1420.8864	3531.9253	177.82216	3717.7078	3187.0696	873.0	992.1	259999	100.8371	29.073729	194.02959	-92.78265	100.83731	29.074455	189.56288	-91.97598	-2.271353	3.1489997	63.292175	-15.72412	-101.37977	3.9621484	3.9464536	1269.6492443084717
66	2564.7595	507.86078	3102.5806	1769.586	3273.3535	1027.7499	3928.4526	359.99527	1000.0	911.8	263999	102.45235	30.895813	192.27252	-104.87855	102.45283	30.894695	191.86192	-99.66604	-2.2174242	3.183748	49.102715	-16.791718	-102.99416	4.15186	4.057888	1290.6777076721191
67	2073.166	1019.2735	2910.8748	374.1205	3182.1218	1112.0792	3946.3901	23.8437	900.6	859.2	267999	104.20581	32.790356	199.70976	-44.842777	104.2064	32.791676	198.6983	-52.177326	-2.1479366	3.2413917	53.438576	-16.456512	-104.72653	4.1603	4.1288543	1311.3840894699097
68	843.1974	596.07886	2071.5503	235.36252	3141.6584	1036.0424	3951.1458	1040.9122	495.14285	858.8	271999	105.64328	34.586807	205.22424	-134.73578	105.64368	34.586864	205.81421	-110.111305	-2.070492	3.2746553	54.148663	-15.221991	-106.15457	4.6721416	4.6317115	1332.1032223701477
69	1774.9735	919.02936	2956.2466	441.75955	1677.611	957.60004	3804.201	96.58821	658.7143	573.3	275999	107.14168	36.52463	210.65952	-81.712	107.14218	36.525597	210.63629	-119.237625	-2.002011	3.3594472	59.997456	-14.874653	-107.65913	4.81676	4.7877364	1351.5736393928528
70	1765.0765	902.27844	3070.2039	316.60382	3264.4436	363.31473	3563.1033	2245.4875	812.0	1000.0	279999	108.89495	38.744053	213.37526	-69.492004	108.89491	38.7424	213.64763	-56.57727	-1.8800136	3.4473982	72.88013	-15.80006	-109.42425	5.4940634	5.482654	1373.107251405716
71	1915.1007	1227.6102	3230.93	324.14117	3492.3555	293.35425	3809.1604	2834.1174	776.25	963.5	283999	110.49366	40.530968	217.18593	-99.90195	110.49514	40.529438	218.21068	-83.438255	-1.9024947	3.4437497	45.475506	-15.089789	-110.98648	5.933443	5.85504	1394.4590134620667
72	3136.7983	163.15193	3321.8865	2876.0254	1972.7301	1036.6438	3310.6685	494.9382	1000.0	691.0	287999	112.121	42.32889	226.06651	-108.9952	112.12047	42.32867	222.99316	-127.37079	-1.7963703	3.5083082	55.821693	-14.784534	-112.60216	5.779505	5.720376	1414.3762493133545
73	2354.4849	1204.7012	3622.9263	266.2729	3089.3955	1240.5139	4411.722	88.10906	707.1667	752.5	291999	114.08674	44.387276	224.63135	-157.85156	114.08681	44.386562	229.038	-116.64903	-1.7195731	3.5701616	62.7576	-16.642374	-114.575966	6.0695157	5.9959307	1434.5585725307465
74	1823.7484	1261.2936	3618.0364	28.412558	3541.6206	555.3538	4144.899	2211.2205	734.3333	919.0	295999	115.83175	46.391953	227.83209	-100.308975	115.83208	46.393993	228.2609	-101.71695	-1.6153396	3.6396658	71.10832	-14.649173	-116.32137	6.321823	6.319911	1455.7621595859528
75	1403.7714	960.94385	3289.8328	76.03487	4117.2266	133.37053	4336.361	3886.0383	515.875	1000.0	299999	117.40483	48.269894	235.28372	-91.706215	117.4054	48.27054	234.02876	-136.15204	-1.5993832	3.6721	55.20991	-13.877306	-117.88827	6.7283025	6.6416607	1477.3861103057861
76	2210.8618	872.4544	3404.6204	1290.7659	2910.901	1436.9425	4170.003	84.58712	653.5	726.6	303999	119.57859	50.18383	242.56747	-153.2106	119.57916	50.18131	244.77255	-114.70664	-1.5198245	3.7142012	66.70394	-17.44728	-120.048965	7.2755013	7.223657	1497.5621891021729
77	2822.675	1245.9225	3550.3425	339.59906	2374.9426	1793.335	4670.1987	39.321545	824.6	571.2	307999	121.60313	52.102287	247.33145	-77.11386	121.60326	52.100254	247.32881	-67.35991	-1.4788549	3.736994	71.784935	-17.208399	-122.07803	7.298785	7.3625145	1516.797133922577
78	1869.6029	1494.3403	3888.913	14.002622	4049.9348	401.20074	4466.45	2986.9868	654.5	964.3	311999	123.65287	54.297264	251.51237	-100.58362	123.65373	54.29538	249.95984	-76.138336	-1.3423314	3.8183255	56.551174	-13.979312	-124.13205	8.016181	8.087291	1538.272052526474
79	2539.2434	1118.66	3630.2112	509.69885	2798.1802	1572.4329	4486.4253	612.54926	706.4	664.7	315999	125.90582	56.402554	256.19128	-81.436165	125.90681	56.39937	256.33032	-105.871925	-1.3077692	3.8229294	65.79956	-14.677616	-126.366066	8.328422	8.304487	1558.483934879303
80	2781.529	914.1614	3679.1753	1186.6149	2189.6167	1360.0656	4023.1667	239.85085	895.2	603.3	319999	127.76505	58.45415	260.81485	-170.51154	127.76503	58.453518	259.24353	-98.63694	-1.2116253	3.8628025	67.55337	-14.786679	-128.2506	8.473393	8.473916	1577.9395031929016
81	2564.9712	1358.7292	4034.677	90.16455	3694.8833	1070.2324	4565.359	1509.102	748.8	1000.0	323999	130.50066	60.99927	262.22888	-85.34693	130.50116	60.998695	265.24484	-111.28523	-1.1313821	3.9236636	54.774033	-14.644583	-130.98355	8.90668	8.833279	1599.6810097694397
82	2396.5652	1184.7188	3808.9023	25.019554	2933.1174	1402.4512	4187.355	968.7027	689.1667	851.3	327999	132.72214	63.203728	266.9304	-92.029724	132.72276	63.202057	270.5906	-94.616684	-1.0590432	3.9423747	98.19425	-13.781589	-133.18481	8.871458	8.999719	1620.6988956928253
83	2150.6821	1514.8776	3887.217	126.86746	3036.1086	1684.5011	4838.5103	17.514898	661.6667	787.5	331999	134.71619	65.104866	276.49033	-118.96584	134.71611	65.10375	273.12112	-100.455124	-1.0282086	3.985456	91.34496	-14.19794	-135.16756	9.781733	9.987455	1641.2083995342255
84	1493.9005	1047.7317	3891.915	638.46423	3667.1855	1838.7064	4821.3076	13.265982	455.875	803.8	335999	136.76164	66.93658	274.8019	-95.800255	136.7624	66.93426	271.53888	-106.89777	-0.9624587	4.0151033	71.47074	-13.796417	-137.21402	10.1232395	10.100004	1661.9453947544098
85	2607.1282	1408.1813	4060.6611	133.80193	4529.292	669.2094	5016.1533	2620.0308	770.0	952.9	339999	138.60326	68.5564	277.163	-136.84615	138.60387	68.5529	279.1989	-110.997116	-0.91553724	4.062912	59.349327	-14.687429	-139.05132	10.484394	10.687111	1683.3949875831604
86	2684.2017	1613.4012	4260.2153	466.14905	3931.9204	1307.4434	4601.0537	114.75631	684.4	901.3	343999	140.54546	70.330505	280.96646	-163.384	140.546	70.327995	279.4114	-146.72366	-0.8382458	4.071451	95.80889	-14.654921	-140.9711	10.990408	11.005278	1704.5984876155853
87	2212.7644	1615.3573	4365.6606	256.28333	1063.0702	1205.3146	3635.6794	114.13994	572.125	443.1	347999	142.77951	72.13959	284.03473	-117.92554	142.78053	72.137596	282.72498	-128.78192	-0.7856506	4.1053677	59.03827	-14.247665	-143.22638	11.131231	11.008581	1723.4270005226135
88	2234.426	1186.7448	3882.9407	152.11453	4186.7183	218.72186	4470.9126	3865.595	576.7143	1000.0	351999	144.69366	73.61566	287.4285	-187.719	144.69444	73.61283	286.02243	-164.22153	-0.7749264	4.1228075	128.48663	-13.224851	-145.11084	11.513363	11.731203	1745.2804605960846
89	2980.4905	1215.9149	4117.9507	916.77966	4617.721	140.8355	4868.3965	4280.649	768.2	1000.0	355999	146.82056	75.234634	287.21	-231.71425	146.82121	75.23597	287.01303	-238.14067	-0.6817868	4.138881	65.353874	-15.403036	-147.22664	12.467932	12.4667635	1767.0702166557312
90	3024.3042	1293.8746	4118.749	638.166	3797.9485	1513.1292	4999.103	684.0327	788.2	875.8	359999	148.86726	76.72879	291.85333	-84.00329	148.86827	76.72634	290.15265	-111.383026	-0.61225355	4.1511593	88.85618	-14.135449	-149.2566	12.082455	12.274041	1788.2205486297607
91	2634.68	1462.6414	4299.4727	321.76376	4293.6226	684.98126	4719.469	2265.2834	843.0	950.8	363999	150.18228	77.95488	293.0118	-134.39285	150.18237	77.9537	291.25372	-116.80034	-0.6045218	4.1702576	81.79726	-13.280007	-150.56223	12.182299	12.252883	1809.7966899871826
92	2765.7258	1273.6418	4128.1167	1032.3755	3281.4192	1685.4678	4872.8164	86.4248	694.8571	843.3	367999	152.36256	79.48599	299.1126	-161.48198	152.36372	79.48082	298.80167	-199.44264	-0.5328621	4.1745467	76.66112	-14.0636215	-152.76208	13.020142	13.21294	1830.857140302658
93	3486.7275	1230.4288	4210.072	1355.6501	4366.3125	95.25194	4490.211	4180.403	828.75	1000.0	371999	154.7171	81.051994	298.3766	-137.18143	154.71768	81.05012	298.03046	-114.693474	-0.44509313	4.2030334	73.708244	-14.424225	-155.12769	12.953467	12.880125	1852.7504482269287
94	3509.1245	1116.8601	4188.945	1575.4434	4054.2825	1425.3363	4867.734	596.4699	1000.0	913.9	375999	156.77263	82.6832	302.40936	-110.902725	156.77316	82.68222	304.69067	-100.92943	-0.43048996	4.1950707	73.98418	-14.705144	-157.17015	13.077741	13.275008	1874.205453157425
95	2353.972	1755.5634	4564.745	118.36715	3780.836	1647.9443	5071.2134	12.051635	636.2857	829.9	379999	158.42342	84.09531	307.354	-138.83502	158.42455	84.09268	306.8132	-127.184685	-0.39984414	4.1989236	55.43018	-15.472451	-158.7882	13.342932	13.356047	1895.2164371013641
96	3565.2732	1282.5814	4431.036	1348.1274	3724.907	1423.8667	4880.685	396.02744	826.25	846.3	383999	160.8383	85.51795	310.18317	-169.34933	160.83923	85.519325	308.96185	-220.41718	-0.30799088	4.2346754	75.72476	-13.37886	-161.22467	13.878044	13.832086	1916.2792496681213
97	2233.8235	1536.8586	4172.1	10.244094	2937.9956	1748.502	5172.461	10.879278	810.5	612.2	387999	162.38564	86.62556	312.40463	-189.41698	162.38634	86.623215	314.11438	-142.8139	-0.33601168	4.2119713	93.65098	-14.987385	-162.72922	13.493507	13.433373	1936.255297422409
98	1994.6145	1955.867	4392.602	180.54985	3882.843	1452.6334	4873.2617	51.936954	645.0	877.6	391999	163.82909	87.96329	312.16553	-242.05215	163.82909	87.96029	315.1902	-191.62672	-0.33416793	4.260287	83.03958	-15.756773	-164.1816	13.957982	13.962714	1957.5222492218018
99	3087.4734	1320.7882	4494.034	917.9973	1463.1088	999.4658	2898.1423	11.573701	862.6	474.9	395999	165.23305	89.03744	315.25235	-266.85898	165.23428	89.03725	313.71414	-315.2115	-0.29610604	4.280944	84.86807	-14.430914	-165.60101	14.276301	14.390918	1976.7443170547485
100	2224.024	1789.1974	4336.8335	47.579037	4802.6445	300.72894	5181.534	4228.8843	536.0	983.9	399999	167.07027	90.42157	320.72845	-120.5802	167.0714	90.41803	319.79636	-150.05873	-0.23611617	4.3036833	100.839355	-13.627554	-167.387	14.296614	14.541945	1998.6697790622711
101	4271.865	209.24742	4540.5806	3953.4343	4195.2866	1688.7354	5207.8745	33.14983	991.25	902.1	403999	169.1946	91.709526	321.00293	-256.34222	169.19604	91.705864	322.4598	-136.81064	-0.16405985	4.316843	70.22215	-14.170096	-169.5502	15.144652	15.067186	2020.1476020812988
102	2826.7642	1665.4935	4515.588	12.493582	4908.584	99.17544	5049.2925	4766.273	802.4	1000.0	407999	170.72952	92.84539	324.206	-172.31326	170.73056	92.843925	328.17957	-134.39261	-0.13263473	4.336785	105.51712	-16.063175	-171.07759	15.718621	15.74949	2042.1605250835419
103	2449.2344	1732.4363	4571.171	10.355184	4629.511	213.00897	4935.7334	4173.3296	636.7143	990.3	411999	171.89249	93.84962	325.9002	-203.78185	171.89352	93.846214	322.22977	-170.3349	-0.12291133	4.2971163	50.039787	-14.335346	-172.23537	16.093676	15.920913	2064.109204530716
104	2533.9668	1408.5057	4255.558	835.51556	4171.952	1580.2567	5323.883	374.32776	749.0	866.0	415999	173.78136	94.65383	326.5251	-115.41823	173.78207	94.65579	327.61826	-114.92609	-0.10449616	4.3240957	66.76034	-14.314426	-174.13156	15.4876	15.687631	2085.5363132953644
105	2201.6533	1709.526	4348.9775	224.9349	2991.9785	1723.2661	4822.0605	492.37292	724.1667	762.5	419999	175.19244	95.816986	332.42697	-179.24895	175.19363	95.8163	330.677	-142.80688	-0.08276297	4.343901	81.16823	-13.732824	-175.4891	15.689381	15.452767	2106.514301300049
106	4488.5527	189.5754	4638.4155	4167.1304	4483.119	425.48645	4868.258	3317.102	1000.0	1000.0	423999	176.19388	96.7786	330.74707	-111.34961	176.19427	96.77847	335.5985	-193.02623	-0.08748617	4.3699613	82.25466	-16.307823	-176.50465	15.464283	15.593996	2128.6618361473083
107	3804.0024	1364.1475	4626.04	1079.8862	4498.128	1009.40027	5153.179	1579.4369	851.2	981.5	427999	178.35793	97.875595	338.4278	-214.63808	178.35938	97.874115	334.03064	-172.42964	0.016198514	4.380514	74.48026	-16.906822	-178.68034	16.070948	15.899731	2150.685482263565
108	2839.288	1271.0819	4331.2583	1301.9913	4526.288	652.8733	5168.558	2806.406	790.0	984.1	431999	180.47664	99.07003	336.0048	-176.11389	180.47742	99.06351	335.59122	-82.93805	0.051385358	4.392105	69.449165	-13.327745	-180.7691	15.905961	15.869715	2172.6967420578003
109	2777.5813	1491.3622	4477.6	503.847	4472.594	1062.3231	5101.6963	1543.2457	622.5	979.7	435999	182.2899	100.380066	341.85486	-142.14542	182.29158	100.37803	338.49823	-92.858635	0.14041643	4.4400363	58.428886	-14.690019	-182.59111	16.535324	16.261646	2194.7444348335266
110	3009.0442	1676.9078	4774.1704	881.82556	3515.5574	1547.7179	5098.049	494.4474	858.75	806.2	439999	184.22076	101.3174	341.1264	-122.26698	184.22128	101.31682	347.38132	-239.78477	0.10006915	4.438179	83.737816	-13.343512	-184.51271	16.74188	16.632816	2215.8498690128326
111	3775.1594	1394.7959	4801.3306	1372.1337	3546.3335	1860.5695	5153.2153	568.26025	1000.0	760.9	443999	185.79205	102.21909	342.65228	-103.67613	185.79353	102.21738	341.74048	-121.64768	0.10381776	4.432584	84.02552	-13.910819	-186.10109	16.706215	17.012989	2236.8037328720093
112	4273.132	482.8054	4723.7847	3444.2007	4102.07	1255.6947	5242.6733	1712.5935	943.0	1000.0	447999	187.36671	103.23892	344.24023	-156.15767	187.36632	103.23733	345.76404	-184.61305	0.12518494	4.467848	116.88594	-13.595827	-187.66153	17.350237	17.61498	2259.1170756816864
113	4162.2925	595.7082	4686.205	3155.3767	4866.768	562.8623	5306.8726	3260.2224	921.5	995.2	451999	188.70586	104.20652	348.11755	-204.73033	188.7075	104.20466	345.95248	-114.02966	0.18426393	4.4375534	56.801792	-12.500627	-189.0186	16.232586	16.108572	2281.2846207618713
114	4122.3525	730.6451	4688.203	2870.0193	2849.9946	1461.8035	4889.824	781.9124	907.75	779.7	455999	190.54301	105.25544	348.14346	-156.13947	190.54448	105.24846	352.93393	-132.95515	0.20068744	4.4369187	93.56386	-13.827888	-190.84978	16.607557	16.765213	2302.430881500244
115	3645.489	1264.5469	4663.4194	1365.6958	4594.4873	1481.1108	5354.7188	212.75887	811.1667	899.0	459999	193.19849	106.31294	352.02512	-136.2569	193.19894	106.309746	356.66077	-108.50052	0.21556674	4.4213786	67.270615	-14.05386	-193.46466	16.595541	16.792442	2324.149984359741
116	4626.027	36.25232	4684.487	4584.965	4044.7605	1726.8267	5166.47	106.13401	1000.0	904.3	463999	194.87119	107.08616	354.05536	-142.55676	194.87099	107.08533	350.95044	-133.78319	0.265818	4.4332833	94.1345	-14.360556	-195.14972	16.481781	16.420256	2345.956779718399
117	4195.638	991.5837	4823.5938	2479.2417	4073.4316	1814.3556	5326.753	31.338947	1000.0	823.5	467999	196.55136	107.73086	361.22568	-254.59117	196.55298	107.72825	358.05203	-192.20976	0.30204082	4.458644	118.3563	-14.448289	-196.81775	17.655373	17.644793	2367.2482697963715
118	4658.7373	129.92915	4770.771	4444.0205	4652.815	1205.4801	5263.514	1050.4658	1000.0	922.5	471999	197.68729	108.63038	361.71518	-268.95795	197.68823	108.62655	355.38315	-198.0996	0.3228612	4.529746	115.78646	-13.825344	-197.94035	17.444117	17.340729	2389.0764842033386
119	4568.9937	120.296234	4693.48	4446.3633	5184.491	108.39207	5303.6284	4937.2944	1000.0	1000.0	475999	199.50703	109.39975	360.0202	-116.67644	199.50787	109.39335	358.6896	-174.28038	0.37448567	4.5299644	100.149994	-14.610708	-199.74477	17.395685	17.941397	2411.3735563755035
120	4051.977	749.74146	4895.7593	3198.6309	4296.222	1027.2708	4950.055	2142.7554	941.0	945.0	479999	201.23502	110.27126	358.5295	-203.42436	201.23544	110.26854	364.5993	-146.37273	0.45045733	4.524127	99.57414	-12.728891	-201.4831	17.85016	17.821312	2433.329139471054
121	4160.9634	520.7357	4861.1406	3642.7605	5098.5425	169.22131	5307.685	4721.43	892.25	1000.0	483999	203.33844	111.04996	365.31125	-144.47461	203.3395	111.04701	368.29193	-180.11913	0.46451837	4.4916615	96.31223	-14.508158	-203.59189	17.34895	17.463692	2455.6892449855804
122	4927.5703	99.21788	5026.613	4782.3286	4663.9834	978.89014	5345.764	1917.4467	1000.0	965.5	487999	204.94952	111.85602	363.12668	-150.74287	204.9503	111.854996	368.22418	-152.33092	0.48073435	4.5550847	110.00019	-13.607783	-205.19334	18.242802	18.32145	2477.9059886932373
123	4595.9956	311.14758	4944.198	4094.7495	4333.9785	1447.9526	4959.976	12.448969	974.0	901.2	491999	206.81224	112.837326	367.2013	-159.49907	206.81268	112.83342	366.68878	-127.45179	0.51979226	4.5103645	109.72173	-14.592784	-207.05229	18.16704	18.170063	2499.747658252716
124	3661.0344	1324.4302	4811.12	1630.9559	4542.5796	1154.7205	5350.5596	1496.1047	774.4	895.2	495999	208.99368	113.46255	367.0601	-132.09915	208.9943	113.46031	369.52924	-189.24965	0.53069043	4.5275187	99.050385	-15.557349	-209.222	17.717968	18.011866	2521.497329235077
125	4723.1514	187.0074	4974.569	4447.4473	5583.1504	143.89198	5880.709	5358.8403	1000.0	1000.0	499999	210.4596	114.31256	370.6646	-174.00883	210.46126	114.31163	370.31485	-150.26624	0.5524871	4.5161405	156.81982	-13.661572	-210.67867	18.047863	18.087126	2543.8627638816833
126	3505.8604	1605.801	4982.8433	879.286	5422.884	123.414055	5607.0366	5198.028	738.1667	1000.0	503999	211.96268	114.93525	372.55127	-151.38144	211.96301	114.931366	371.3544	-219.00134	0.5733996	4.5222745	105.72978	-13.635817	-212.16838	18.275925	18.487488	2566.292069196701
127	4146.8174	1462.1	5055.4697	1230.956	5395.9663	133.67545	5645.3413	5196.6	854.6	1000.0	507999	213.34622	115.68127	378.25858	-234.3305	213.34785	115.67677	375.77698	-319.441	0.5667867	4.5091796	96.850105	-13.326799	-213.55585	18.14546	18.286669	2588.6962566375732
128	4997.339	115.36961	5183.183	4868.303	5269.6025	511.87357	5627.7935	3786.9436	1000.0	969.1	511999	215.17918	116.32792	377.5679	-240.35117	215.1805	116.32394	376.5404	-150.62646	0.6625638	4.5261707	101.23103	-14.814991	-215.37044	19.249453	18.948967	2610.9196705818176
129	4922.8706	172.44145	5141.81	4658.3535	3991.2175	1382.6259	5096.742	1492.9424	1000.0	1000.0	515999	216.50508	116.68546	379.01236	-182.14069	216.5051	116.68328	378.34348	-186.0551	0.6457758	4.5347915	115.56994	-12.844592	-216.67226	19.106789	19.384613	2633.479960203171
130	3724.5886	1594.9463	4833.7627	984.21954	2068.89	1706.3755	5016.1387	121.505585	1000.0	566.2	519999	217.80016	117.54246	380.71555	-157.50952	217.8022	117.53894	377.07422	-137.6768	0.673466	4.553851	149.49605	-13.471771	-217.99155	18.682188	18.540264	2653.7573947906494
131	4956.427	174.8916	5235.6724	4799.258	5088.9224	970.08887	5782.7954	2349.8477	1000.0	984.9	523999	219.40562	118.294945	380.122	-161.43573	219.40614	118.29015	381.35297	-161.12498	0.6686879	4.5447145	101.41608	-14.017071	-219.59607	18.640905	18.706516	2676.2210450172424
132	4113.9385	898.2805	5090.8354	2849.1924	5292.3364	148.95596	5514.452	5026.3564	844.25	1000.0	527999	221.27255	119.19403	384.51898	-186.00185	221.27356	119.19419	385.19687	-181.61224	0.7050671	4.5991025	118.366234	-14.580751	-221.47794	19.177519	19.2618	2698.7031412124634
133	4945.6963	51.424076	5002.166	4884.8906	4001.1199	1803.4109	5330.453	166.36435	1000.0	839.6	531999	223.78784	120.30325	387.75656	-189.4347	223.78862	120.3009	385.2532	-173.86618	0.8272368	4.6860037	96.00221	-15.437925	-224.0048	19.94022	19.985891	2720.4083573818207
134	4125.7373	1501.2179	5057.938	1527.5068	4762.9946	1823.1603	5542.3975	-692.6526	1000.0	1000.0	535999	225.54967	122.04097	561.6624	-131.07704	225.54955	122.04096	543.12775	-206.32256	0.9528469	4.660579	80.640305	-13.359764	-225.78459	22.729113	22.884262	2742.981866121292
135	3424.3372	1974.9019	5134.7866	870.4562	5367.4634	147.22768	5592.5	5079.022	893.4	1000.0	539999	226.5934	123.03883	559.8463	-210.36346	226.59518	123.035774	536.667	-203.38297	0.8773356	4.432592	142.89041	-15.361957	-226.69928	23.668081	23.528355	2765.6081807613373
136	4973.5205	53.503433	5033.327	4898.8325	4402.1475	1696.5116	5695.2075	1149.1503	1000.0	863.1	543999	227.207	123.16638	447.12775	-138.21709	227.20798	123.162865	440.2408	-145.81126	0.7506451	4.4559717	141.57123	-13.7870455	-227.34767	20.415714	20.591282	2787.473675251007
137	4325.453	766.8099	5147.9087	3346.1577	4680.282	1483.5754	5749.7974	1407.5344	869.75	865.2	547999	228.45206	123.63216	391.5614	-167.91933	228.45308	123.62903	384.90344	-267.00082	0.7915613	4.5259295	142.13113	-13.041193	-228.63063	19.7885	19.889708	2809.3829941749573
138	3562.3572	1560.089	5178.614	1233.5293	4893.4756	819.08	5322.286	2451.2913	806.0	1000.0	551999	230.03291	124.22066	389.16696	-189.6063	230.03392	124.217606	392.25626	-141.01715	0.8391933	4.611482	128.6065	-14.785255	-230.20163	19.67242	19.589575	2832.0366179943085
139	3702.7974	1882.1604	5127.5737	314.26553	4952.682	1232.3087	5940.099	2981.913	747.2	863.0	555999	231.88992	124.51918	388.7983	-207.55435	231.89136	124.51142	388.8015	-183.83078	0.85489494	4.540351	112.34102	-13.875127	-232.05074	20.173761	20.55807	2853.9617586135864
140	4032.56	1872.1306	5373.7993	320.90033	5153.3623	1005.4045	5774.8594	2178.644	790.6	994.8	559999	232.7457	124.92263	391.6719	-234.43616	232.74635	124.916916	394.76007	-212.82153	0.8603208	4.4876623	108.68829	-14.473594	-232.89255	19.699387	19.887043	2876.6153287887573
141	4992.535	229.10039	5333.675	4689.195	3723.502	2117.4614	5353.875	64.544754	1000.0	809.7	563999	234.09795	125.218124	394.6602	-309.45807	234.0987	125.212555	396.7136	-258.9119	0.90494335	4.542675	133.64323	-14.085534	-234.24863	20.71608	21.135706	2898.3350830078125
142	4266.5195	1198.3446	5068.5986	2196.3933	5509.6514	125.498764	5706.2915	5270.789	863.75	999.5	567999	235.43752	125.296585	395.74216	-130.73457	235.4387	125.292	398.62195	-155.27182	0.93341595	4.5196023	92.48854	-14.637954	-235.57672	20.82306	21.053736	2920.9975202083588
143	4713.957	401.51483	5153.068	4106.2817	3724.368	1930.8802	5849.0366	120.05296	989.25	880.1	571999	237.10602	125.89758	397.62988	-164.82457	237.10638	125.89691	397.7222	-176.74924	0.9478093	4.498348	90.92401	-15.160607	-237.24574	20.937017	20.891485	2943.2920801639557
144	3413.7942	1894.0232	5276.3984	405.473	4715.5015	1998.7565	5968.356	685.10565	691.7143	830.3	575999	238.30202	126.241005	402.08084	-114.91225	238.30212	126.23154	398.057	-140.17328	0.96308154	4.535567	117.39946	-15.791943	-238.40572	20.53261	20.994596	2965.1797909736633
145	3563.0933	1792.0643	5121.3477	1141.366	4710.443	1386.2622	5566.67	1150.5171	722.8	923.3	579999	239.4237	126.27466	400.11618	-187.92459	239.4238	126.27445	398.53314	-163.73514	0.9823181	4.52155	69.92992	-15.337495	-239.52716	21.262833	21.243908	2987.4998364448547
146	5044.279	162.5495	5324.829	4930.548	5457.696	152.18665	5621.2266	5181.8667	1000.0	1000.0	583999	240.91377	126.541115	400.20166	-240.57698	240.9156	126.537476	401.24994	-226.47493	0.9846696	4.529663	112.855835	-14.8141775	-241.04697	21.896692	21.786356	3010.347733259201
147	2756.5857	1662.8087	5094.87	753.89825	3942.7278	1538.6616	5478.284	1730.2695	637.6667	782.1	587999	242.02846	127.02773	401.2248	-350.71875	242.02882	127.025	409.24414	-237.29259	1.0358212	4.5867558	98.91536	-14.958815	-242.164	23.259516	23.26722	3032.005997657776
148	4870.856	283.9066	5179.206	4459.593	5436.234	94.09249	5582.6133	5289.3486	991.25	1000.0	591999	243.65726	127.087654	399.9681	-262.63388	243.65817	127.08822	399.37094	-366.38504	1.0186285	4.5780663	98.05646	-15.997486	-243.76593	21.869152	21.99423	3054.7822296619415
149	4142.7593	1874.6805	5309.8066	402.32043	4619.446	1220.7499	5297.7534	1356.6382	821.6	886.8	595999	244.81805	127.2993	401.01596	-139.65488	244.81766	127.29513	402.418	-147.33685	1.0155548	4.563079	110.24925	-16.654596	-244.92606	21.14216	21.660847	3076.936299800873
150	4603.982	1020.1231	5344.8667	2585.4104	3987.643	2217.4956	5669.33	10.22013	900.6	802.6	599999	245.8425	127.40042	404.75626	-197.07126	245.84468	127.39636	407.2277	-187.70499	1.0522825	4.542466	94.45024	-14.734699	-245.91452	21.66167	21.880352	3098.810939311981
151	5076.2583	160.11786	5336.5234	4914.061	5621.1714	184.3193	5977.4165	5341.9863	1000.0	1000.0	603999	247.02766	127.566635	403.70013	-194.74725	247.02792	127.56203	405.56247	-191.15254	1.1276622	4.583695	101.79086	-15.265221	-247.10632	21.47089	21.875193	3121.6303198337555
152	3153.6455	1795.0647	4930.143	338.54123	5550.482	158.78146	5778.6377	5345.766	860.75	1000.0	607999	248.06792	128.09962	404.80246	-196.88538	248.06831	128.0975	402.5993	-191.7232	1.1189121	4.5761647	111.5008	-13.613018	-248.17397	21.436152	21.412926	3144.492362499237
153	3794.5457	1802.0317	5222.4585	387.39426	5481.1357	99.03837	5611.0703	5297.551	736.4	1000.0	611999	249.64156	128.54222	407.21527	-150.8055	249.64256	128.54364	403.68787	-170.99098	1.0935279	4.588813	110.52419	-13.988558	-249.73053	21.588198	21.324362	3167.3701088428497
154	5119.5347	101.285835	5262.3364	4994.2544	5297.2905	427.6682	5642.0063	4072.813	1000.0	1000.0	615999	251.30547	128.97183	409.2672	-178.41907	251.3062	128.97049	407.71906	-186.76566	1.164376	4.6442404	116.77552	-13.935568	-251.41837	22.667704	22.709726	3190.2971243858337
155	4541.873	1153.1809	5243.443	2241.9668	4551.274	1374.503	5651.7803	1691.2552	892.6	838.1	619999	252.6272	129.62141	411.6253	-182.6557	252.62727	129.61996	407.90173	-283.4263	1.2160769	4.651735	250.1997	-14.3167095	-252.72162	23.2221	23.262848	3212.3187091350555
156	4730.3584	457.25394	5061.7075	3942.531	5449.994	144.50575	5596.818	5136.2173	950.25	994.6	623999	253.76141	129.71283	406.9822	-135.69142	253.76172	129.71202	407.8379	-196.44101	1.2078285	4.6112766	107.188705	-14.049213	-253.84193	21.826422	21.896252	3235.217211484909
157	5096.528	120.981186	5225.912	4902.272	5651.928	118.8226	5854.259	5430.8936	1000.0	1000.0	627999	254.44626	130.06465	408.82733	-162.14442	254.44753	130.06497	409.1566	-167.8846	1.1803359	4.6133356	97.95538	-13.232025	-254.49907	22.318274	22.132223	3258.175364255905
158	5238.0825	165.1222	5479.186	5062.971	5024.7676	1137.4116	5821.41	2078.0515	1000.0	971.8	631999	256.08957	130.01823	408.25525	-223.23837	256.09033	130.01477	407.46494	-182.05183	1.2061948	4.6029468	153.15236	-15.790816	-256.1568	22.113697	21.988762	3281.101059436798
159	4130.773	1258.8611	5377.924	2214.6326	5508.3	113.4046	5720.3433	5246.624	788.2	1000.0	635999	257.249	130.47421	409.1189	-257.20953	257.24936	130.47182	410.5974	-207.24965	1.1945895	4.544133	97.55719	-13.739368	-257.29333	21.514996	21.536516	3304.0277762413025
160	4042.4966	1957.5338	5343.645	669.0529	4442.9595	1515.7905	5831.8735	1977.3536	982.25	901.0	639999	258.0197	130.96135	411.8613	-171.65364	258.0198	130.96013	415.47894	-231.2811	1.1590787	4.572225	119.10141	-14.059605	-258.04575	21.892355	21.954393	3326.584492444992
161	4215.3384	1995.2041	5490.96	243.1503	5416.722	627.90137	5844.3413	3581.0696	795.2	1000.0	643999	259.74033	131.25356	414.24088	-222.81403	259.7414	131.2539	412.45596	-205.74255	1.25775	4.6122737	133.32051	-13.838553	-259.83093	22.679472	22.693987	3349.6830866336823
162	5143.9976	42.441833	5188.5977	5074.9023	5733.367	112.03407	5892.144	5541.0254	1000.0	1000.0	647999	260.64703	131.9927	411.31696	-179.56517	260.64612	131.99202	414.11218	-228.61989	1.1989149	4.5546947	113.54372	-15.080099	-260.69067	22.021317	22.013596	3372.6671719551086
163	5207.914	138.22408	5371.608	4988.6543	5496.366	157.89473	5701.325	5176.7827	1000.0	1000.0	651999	261.75198	132.0556	416.68506	-200.67386	261.75305	132.05594	413.42297	-230.84258	1.304261	4.570227	102.85719	-15.102074	-261.8114	23.76783	23.607613	3395.6858355998993
164	5097.547	55.179863	5142.9067	5005.66	5638.143	49.08407	5719.4175	5566.662	1000.0	1000.0	655999	262.8992	132.15262	415.19986	-133.8427	262.90048	132.14998	416.29315	-144.38693	1.261216	4.5571437	107.294106	-17.217278	-262.93253	22.413212	22.696312	3418.8593220710754
165	5079.2803	71.78946	5160.464	4981.8877	5391.8853	482.5707	5702.232	3979.7668	1000.0	1000.0	659999	264.2966	132.25328	416.8789	-173.22704	264.29788	132.24956	414.88794	-183.6162	1.3205484	4.5771346	147.87778	-14.750802	-264.3277	22.530716	22.578274	3441.9931948184967
166	5194.0957	267.28494	5417.7646	4747.561	4170.708	2002.4365	5537.9473	116.59269	1000.0	779.1	663999	264.65555	132.56442	415.46954	-211.9133	264.65585	132.56056	417.7332	-224.62273	1.3136827	4.4975953	150.27965	-14.307884	-264.6912	21.72468	21.719765	3463.877856492996
167	4945.0474	556.43677	5308.9106	3837.1316	5167.3022	923.2744	5774.464	2536.7463	954.2	945.6	667999	265.9825	132.85521	417.11014	-299.95334	265.9828	132.85472	419.2953	-375.28763	1.3445324	4.536679	107.560745	-14.076611	-266.01248	21.644148	22.265047	3486.7988617420197
168	4324.045	1492.506	5209.8657	1739.2786	4118.5947	2294.643	5846.4067	229.65144	838.25	819.6	671999	267.36115	133.07199	423.34247	-204.04471	267.3624	133.0663	418.0589	-203.7697	1.3274553	4.536395	133.95996	-14.970507	-267.3887	22.023056	21.98843	3508.998781442642
169	4341.271	1974.9	5499.839	405.18314	5451.2607	885.83264	5938.514	2808.9836	818.0	951.8	675999	268.17358	133.55344	419.76465	-234.49338	268.17407	133.55031	417.83984	-241.82828	1.329201	4.537581	137.62163	-13.724871	-268.19614	22.84238	22.428797	3531.8615429401398
170	4022.94	1601.8109	5369.2646	1051.1372	2824.7522	1977.9897	5425.1143	111.68093	775.8	534.5	679999	269.10458	133.52887	419.43256	-201.6568	269.10477	133.53209	417.6074	-224.98666	1.3321323	4.519897	226.99239	-16.104193	-269.09647	23.482103	23.419027	3552.8631253242493
171	4179.8115	2068.9856	5314.369	43.326756	3718.7026	1533.0039	5507.1816	451.23373	804.6	889.7	683999	270.3208	133.69412	418.17654	-248.556	270.32144	133.69322	418.0532	-226.2443	1.4084319	4.499015	128.97903	-15.986254	-270.33847	22.11501	22.490532	3576.006330728531
172	4684.667	1499.7391	5590.956	1694.4092	5584.2407	147.12665	5806.7695	5365.535	867.4	1000.0	687999	271.5363	133.71599	419.0981	-176.01732	271.5373	133.71144	420.84692	-148.17409	1.4346417	4.518114	79.13387	-14.584509	-271.53604	22.923094	22.8665	3599.2631602287292
173	5241.0957	167.10175	5397.1934	4962.477	4177.2095	2054.9673	5609.656	38.156017	1000.0	831.9	691999	272.31982	133.87006	419.803	-151.54756	272.32037	133.8676	419.3896	-145.56528	1.4234542	4.536487	106.6042	-15.372467	-272.31784	22.559963	22.396532	3621.6561686992645
174	5179.2314	132.41278	5315.848	4960.517	5357.633	1178.1616	6093.097	1950.3593	1000.0	1000.0	695999	273.0671	134.26793	420.86798	-174.29208	273.0674	134.2685	422.47604	-154.7313	1.4231441	4.5807476	143.9166	-13.592614	-273.07288	22.54239	22.33859	3644.950406551361
175	4815.118	565.3749	5418.139	4002.0566	5080.259	1420.9409	5700.339	822.2964	1000.0	917.3	699999	274.95892	134.39803	422.02875	-123.583336	274.96033	134.39374	422.23	-169.74123	1.4746894	4.486872	123.53376	-13.748762	-274.9595	22.085112	22.272215	3667.7309260368347
176	4436.943	1203.4979	5166.9067	2035.0907	5056.7974	1187.4382	5783.6484	1908.8184	881.6	961.4	703999	275.70395	134.78172	425.96036	-187.0507	275.70444	134.7798	425.83594	-207.68234	1.3977592	4.5245376	183.4701	-13.574982	-275.69998	23.351988	23.24979	3690.7595834732056
177	4265.7495	1783.3188	5393.2856	1181.8422	5138.942	1556.288	5893.971	580.2165	802.75	911.2	707999	275.96347	134.86316	425.18356	-192.31912	275.964	134.86157	433.90378	-156.08224	1.4099163	4.5394835	159.87476	-13.494829	-275.93716	22.476772	22.241602	3713.579064130783
178	4195.047	1454.7799	5355.717	1495.5115	4148.877	1893.3499	5573.421	500.20883	817.2	762.6	711999	277.60068	135.10188	425.3544	-131.68736	277.60202	135.10323	425.94592	-220.9848	1.4755956	4.6099706	154.49141	-13.038791	-277.61682	23.452564	23.594173	3735.6460087299347
179	5413.8047	182.64365	5583.32	5125.908	4160.7856	2048.2021	5661.32	338.5275	1000.0	764.2	715999	278.55682	135.06049	427.45282	-155.08083	278.55664	135.0577	433.75787	-158.43484	1.4784371	4.554794	97.11571	-13.015766	-278.53214	23.08129	23.484446	3757.72669506073
180	4375.409	1348.9124	5669.3564	1903.6261	5458.7007	1081.6288	6022.995	2231.7996	882.0	1000.0	719999	279.78043	135.19196	425.18118	-213.93765	279.78116	135.18968	425.18484	-288.20786	1.4862763	4.5584383	155.99817	-13.8254175	-279.73108	23.022526	22.770065	3781.0685756206512
181	4894.4746	862.14374	5569.8057	3427.947	5657.7686	79.35404	5780.3857	5536.8687	929.5	1000.0	723999	280.0098	135.42464	424.18954	-250.29288	280.0109	135.42531	427.45947	-178.59494	1.5358773	4.5489287	197.19812	-15.836325	-279.963	22.704638	22.980598	3804.474203109741
182	5265.3555	177.40063	5564.9976	5112.5537	5229.8325	1549.1068	5931.447	600.51373	1000.0	912.8	727999	281.19977	135.20436	426.96042	-157.07356	281.20044	135.20216	424.22595	-253.73776	1.5549195	4.5908275	183.7879	-13.610158	-281.1427	22.18247	21.935808	3827.3356852531433
183	3579.5425	1363.8785	5537.2974	1882.093	5056.897	1315.9458	5868.421	1559.0253	760.6	896.0	731999	282.49808	135.2532	430.51053	-108.879524	282.49884	135.24666	427.02386	-151.46196	1.4886724	4.566849	157.71066	-15.013342	-282.4368	22.084648	22.715282	3850.1311316490173
184	4580.06	1566.6644	5537.7817	1458.2562	4816.1714	1488.4585	5533.4204	372.94128	864.2	907.9	735999	282.6309	135.53464	428.05844	-232.51604	282.6314	135.53416	431.52817	-282.14697	1.5171965	4.5533338	186.08565	-15.695878	-282.5613	23.195253	23.093441	3873.036401748657
185	4666.6562	776.638	5604.7583	3347.8547	5443.891	765.68774	6024.8667	3512.277	868.4	944.2	739999	283.57074	136.03502	430.662	-222.15549	283.5708	136.03494	430.07568	-226.46307	1.6009163	4.5658717	162.08655	-13.728255	-283.54062	23.921614	23.702955	3896.1975145339966
186	5233.8525	391.77103	5658.3438	4601.9385	5294.297	911.5912	5905.3164	2911.5095	959.0	925.7	743999	284.89667	136.36732	429.4256	-227.28061	284.89728	136.36583	433.87875	-140.78014	1.6451061	4.6224456	159.87134	-14.276793	-284.8868	23.526926	23.692345	3919.4826798439026
187	4477.999	1424.4966	5499.289	2020.5991	5559.2773	940.6677	6046.2886	2768.5068	850.5	948.5	747999	285.55823	136.29993	429.98227	-161.74611	285.55884	136.2978	430.05457	-128.80495	1.5872846	4.5944357	181.4973	-13.32029	-285.50214	23.866152	23.64403	3942.6090614795685
188	5407.4707	77.25426	5495.4814	5299.542	5698.841	107.59582	5841.4204	5446.4326	1000.0	1000.0	751999	286.3113	136.18399	437.1717	-174.56305	286.31165	136.18265	435.1323	-170.17566	1.6703327	4.5711465	129.50072	-14.214645	-286.24142	24.13481	24.08777	3966.029629945755
189	4947.1484	994.26245	5730.8135	2985.8755	5608.9443	111.69665	5786.827	5447.81	915.6	1000.0	755999	286.96674	136.22556	431.32175	-175.09952	286.9682	136.22343	432.61572	-145.08728	1.6143278	4.563325	125.1719	-13.642109	-286.89282	24.663567	24.840343	3989.4701862335205
190	4396.9155	1387.524	5272.459	1998.2081	5627.3276	78.499275	5742.441	5520.991	848.25	1000.0	759999	287.53467	136.02286	432.1706	-246.60455	287.5336	136.01534	430.93607	-155.20758	1.6050477	4.547341	131.40993	-15.43867	-287.468	24.154749	24.13721	4013.1965160369873
191	5222.3306	146.68544	5403.242	4993.865	5646.5166	105.80661	5806.908	5510.1743	1000.0	1000.0	763999	288.70773	136.2282	432.92908	-325.68655	288.70877	136.22688	434.38232	-216.76738	1.64052	4.546732	105.93416	-12.777327	-288.62805	23.81149	23.98609	4036.6982340812683
192	5257.437	37.644615	5312.5947	5206.2695	5722.882	126.257545	5919.571	5495.6074	1000.0	1000.0	767999	289.558	136.40149	433.96863	-248.6025	289.55936	136.39917	434.36108	-226.28458	1.679385	4.6044693	143.68958	-12.857309	-289.47946	24.314793	23.893772	4060.204730987549
193	5307.7563	398.86978	5802.829	4596.5195	5890.246	87.239525	6078.3037	5790.5757	974.6	1000.0	771999	290.4375	136.35252	436.07983	-258.3791	290.4385	136.34752	433.5297	-172.02019	1.6447145	4.5516906	137.84128	-14.193712	-290.3414	23.383587	23.162498	4083.758702278137
194	4369.4326	1527.8022	5335.325	1727.9973	5358.632	899.1013	5914.565	2718.455	837.25	1000.0	775999	291.70233	136.64957	435.61005	-188.29865	291.7035	136.64908	436.22974	-172.01453	1.6264083	4.544333	207.13783	-14.200703	-291.62018	23.541866	23.616718	4107.397202014923
195	4741.885	1015.34735	5401.081	2985.8384	4277.489	1932.4285	6020.3193	1142.0427	1000.0	921.8	779999	292.3644	136.65578	436.35547	-177.50677	292.36618	136.65662	436.55383	-141.34958	1.6589911	4.5205917	97.537285	-18.436024	-292.26245	23.996098	24.264845	4130.671696662903
196	5332.6807	202.3041	5586.49	5102.813	5751.3096	161.31339	6055.0728	5503.952	1000.0	1000.0	783999	292.59537	136.75034	434.22003	-260.83017	292.59555	136.74806	435.87454	-270.15457	1.6726109	4.5512424	228.31985	-12.150496	-292.48587	24.357903	24.58268	4154.320443153381
197	5440.006	176.9353	5597.931	5142.2954	4917.793	1548.8203	5737.0557	326.133	1000.0	884.8	787999	293.07144	136.89137	434.98282	-193.66455	293.07202	136.89073	436.91122	-208.9961	1.6866933	4.596253	215.31593	-14.458384	-292.9463	23.882277	24.038897	4177.23703455925
198	5387.3315	164.52089	5627.3667	5163.5737	5841.684	147.5667	6083.1377	5644.229	1000.0	1000.0	791999	293.5261	137.00931	436.53674	-181.06564	293.52664	137.0095	437.18607	-265.8854	1.6715894	4.596289	229.25404	-14.549961	-293.36795	24.218662	24.377386	4200.88253736496
199	4096.9023	1849.6396	5436.3823	543.46436	5772.221	89.869194	5881.6084	5568.959	821.8	1000.0	795999	294.5204	136.96913	438.4813	-165.91383	294.52026	136.96841	437.15894	-128.89427	1.6816663	4.526543	134.43784	-14.873403	-294.40372	23.682714	23.614796	4224.457121133804
200	5405.793	90.912445	5540.025	5301.5557	5942.6665	182.15758	6309.669	5631.3516	1000.0	1000.0	799999	295.27905	137.13791	437.27698	-141.16191	295.27914	137.13966	438.7652	-229.5073	1.6904413	4.510778	123.68709	-15.226171	-295.16763	22.884176	22.943659	4248.1002016067505
