Epoch	AverageEpRet	StdEpRet	MaxEpRet	MinEpRet	AverageTestEpRet	StdTestEpRet	MaxTestEpRet	MinTestEpRet	EpLen	TestEpLen	TotalEnvInteracts	AverageQ1Vals	StdQ1Vals	MaxQ1Vals	MinQ1Vals	AverageQ2Vals	StdQ2Vals	MaxQ2Vals	MinQ2Vals	AverageLogPi	StdLogPi	MaxLogPi	MinLogPi	LossPi	LossQ1	LossQ2	Time
1	123.07231	35.85362	243.4106	78.39408	260.72284	10.207001	275.79028	247.76248	24.539877	47.3	3999	44.985672	26.394543	114.2498	-37.10243	44.98052	26.403791	115.843956	-37.662888	-7.8484707	7.47531	261.58688	-21.32594	-47.623135	3.6814091	3.7101247	16.997596502304077
2	123.31325	31.866919	208.56003	78.55847	222.79172	25.885115	275.58356	199.13293	24.549383	45.0	7999	142.72096	73.46821	341.0439	-60.09807	142.72327	73.45993	333.79346	-54.781967	1.1652873	4.619126	28.990868	-21.885403	-154.02936	13.3212385	13.478141	38.49601864814758
3	180.7597	116.70202	630.84863	83.121666	237.04745	3.5660012	241.7975	230.25922	36.321102	45.6	11999	317.15466	148.03326	591.88385	-93.57017	317.15497	147.9996	612.8543	-81.86211	7.552775	5.8420844	37.935944	-18.95922	-339.87692	66.870895	69.89548	61.1688392162323
4	337.05347	92.59642	676.3769	168.97726	287.78165	32.410557	354.60663	239.27835	68.28814	64.5	15999	361.16476	173.03928	602.36884	-172.39282	361.1681	173.02779	607.125	-171.58124	4.3800273	7.9824524	42.84195	-20.068075	-374.179	124.585106	125.08636	84.81910681724548
5	350.91873	57.796017	499.98428	234.5802	374.1705	23.81301	409.92303	338.20563	66.73333	69.8	19999	295.78403	161.28508	554.78143	-167.60815	295.78537	161.27986	554.2092	-172.84593	1.8381127	7.0860963	37.842392	-25.95884	-303.19977	78.61856	79.53576	109.09166646003723
6	381.57376	76.640144	708.5226	294.1397	291.79547	7.739134	308.03766	279.0111	72.854546	54.8	23999	238.7584	143.77448	476.3362	-70.213	238.76074	143.76701	479.53857	-70.6142	-0.33793467	6.081524	28.384007	-23.055344	-243.61552	55.474937	56.701538	132.65871834754944
7	375.69763	80.256256	647.3513	227.51485	413.03864	19.329393	434.8166	374.48526	73.388885	89.1	27999	197.22806	119.029465	409.41208	-64.264015	197.23402	119.01836	416.04407	-58.835686	-2.3014312	5.73611	26.875458	-23.16723	-200.6121	42.139126	42.345123	157.03365230560303
8	407.04172	115.914635	800.4425	273.1859	322.44824	15.384549	340.33682	295.96194	84.020836	63.3	31999	176.73631	99.3242	363.9122	-61.767567	176.73807	99.32098	359.90775	-51.899223	-3.3923721	4.78821	22.33397	-23.274334	-179.44984	31.525753	31.796528	180.1374762058258
9	411.98438	82.03124	636.42535	297.07794	458.4599	65.64405	578.2014	383.56195	82.770836	87.3	35999	170.47842	90.66797	328.90656	-46.328545	170.47968	90.669205	340.9615	-50.2071	-4.070347	4.4946465	21.198702	-23.351173	-172.92638	23.147808	23.229082	203.3462369441986
10	458.3486	79.83099	661.1496	311.71835	528.6317	118.87222	776.1152	365.5141	88.888885	110.5	39999	171.63885	87.989975	315.3454	-30.087418	171.63985	87.99048	311.74023	-46.734196	-5.134787	4.483931	24.632313	-22.900002	-173.81369	18.331442	18.47999	227.32912492752075
11	480.39914	112.63071	909.0936	315.3554	560.46783	56.72134	667.83685	489.77322	94.78571	110.6	43999	175.45403	88.48183	313.86795	-49.637302	175.45578	88.48114	316.84418	-44.99023	-5.446399	4.4294004	21.809406	-20.389553	-177.52736	17.445696	17.592396	250.69033455848694
12	494.8995	114.654366	830.0455	289.24414	539.5164	54.16106	605.35925	450.0942	95.52381	102.5	47999	180.20186	90.67138	321.09256	-35.974815	180.2023	90.67264	322.6977	-29.20575	-5.3842263	4.4205785	20.828297	-22.602566	-182.18164	17.449947	17.377663	273.96408224105835
13	480.21686	83.6808	740.263	309.9997	448.7685	32.800747	484.5223	373.99484	96.0	98.6	51999	183.51698	92.424286	331.88763	-21.533587	183.51688	92.42559	332.89346	-17.439564	-5.38346	4.464125	23.492752	-21.22023	-185.39557	18.231129	18.2368	297.61510038375854
14	511.11084	123.47315	870.4327	340.09592	489.1918	86.96247	729.5334	403.39276	102.871796	101.5	55999	185.99704	93.82945	333.9327	-24.573534	185.99896	93.83128	333.95917	-21.934578	-5.361195	4.532979	29.326836	-20.897106	-187.78995	19.126774	18.985682	320.89489221572876
15	497.3909	106.85921	745.2953	344.3972	560.7165	73.58801	719.65454	453.14804	98.34146	106.0	59999	187.554	95.19424	338.12463	-14.931554	187.55476	95.19615	339.6617	-22.702377	-5.2355185	4.540286	24.102604	-21.451893	-189.25847	20.03886	19.807219	344.399227142334
16	612.31934	173.44107	1031.7062	366.06937	757.04004	175.91846	1019.53705	418.1494	121.48485	151.6	63999	189.6226	96.00686	343.11084	-17.013603	189.62244	96.00828	342.59103	-26.216415	-5.155279	4.556259	25.891567	-23.049538	-191.29114	20.118008	20.198803	368.8168454170227
17	507.64752	137.28757	1110.8286	319.40292	548.1379	51.088524	617.94354	428.31793	101.89744	114.9	67999	191.83337	96.89569	345.1481	-29.780487	191.83517	96.89593	346.1754	-40.43933	-5.212769	4.5384994	24.678715	-21.488533	-193.40775	20.791677	20.784536	393.29584670066833
18	533.71106	129.8611	972.40546	301.46008	549.1715	63.220848	663.1277	482.09317	105.0	109.9	71999	193.15643	97.667496	347.18723	-16.459307	193.15614	97.667206	346.291	-24.174175	-5.3016486	4.5139666	23.968895	-22.935398	-194.66893	20.384172	20.56622	417.21294713020325
19	552.87317	125.21761	973.5729	370.1375	495.59845	116.40783	763.13806	382.54395	110.666664	103.7	75999	194.52995	97.97743	350.64124	-21.822754	194.53134	97.975395	352.1803	-24.383566	-5.202853	4.5670996	24.232414	-20.761995	-196.01306	20.543911	20.730421	440.985392332077
20	559.8495	120.880264	909.8292	391.4721	594.20557	36.066593	651.7444	538.93805	108.75	111.0	79999	196.58348	98.90055	351.41962	-23.92103	196.58418	98.9004	354.85022	-17.32762	-5.28971	4.559119	27.06213	-22.181702	-198.00206	20.938208	21.068768	465.31038212776184
21	554.14966	122.895706	1169.2971	415.21884	572.9425	59.742474	669.8913	480.05017	108.64865	107.0	83999	198.44356	99.28779	354.3283	-19.650309	198.44496	99.285194	355.19766	-27.80896	-5.389953	4.5799212	26.52977	-23.106316	-199.81679	20.846941	21.05082	489.01027369499207
22	546.2951	136.18758	927.1518	325.5728	591.61633	115.30943	848.8262	439.84476	107.72973	117.2	87999	198.93687	99.32211	359.2962	-20.07349	198.93724	99.32094	357.29788	-30.126268	-5.3886657	4.5169444	27.43209	-21.691929	-200.26056	21.021158	21.178665	512.488404750824
23	602.77386	153.49461	1059.365	336.67374	464.27985	21.453066	507.17453	430.253	118.85294	87.2	91999	200.83498	99.73651	360.2192	-18.007101	200.83636	99.737366	357.03317	-22.012714	-5.2845407	4.684702	38.088387	-21.177452	-202.15999	21.330242	21.297132	535.6337187290192
24	603.8403	143.2412	932.04553	429.0144	501.3177	33.464108	559.24115	449.86508	118.52941	94.5	95999	202.16061	100.606766	359.41458	-21.315277	202.1608	100.605316	358.56308	-31.353146	-5.462086	4.547033	27.027401	-20.950315	-203.41139	21.116568	21.267828	558.9412288665771
25	633.4991	183.3019	1041.3322	402.48904	562.1369	83.30783	701.8771	445.86194	123.0	106.1	99999	204.0383	101.55422	359.73666	-27.504932	204.03777	101.55547	364.27704	-19.96383	-5.517086	4.5376205	27.08723	-21.54037	-205.23903	21.301353	21.254662	582.339369058609
26	572.9954	110.35844	796.4512	324.60785	537.573	56.538807	604.0473	422.49896	113.42857	103.9	103999	205.70554	102.32115	364.8633	-28.231812	205.7059	102.323494	366.04572	-53.141655	-5.3631873	4.4836054	27.256165	-23.396828	-206.89159	22.010572	21.91974	605.7770571708679
27	597.82263	121.218056	889.06573	425.56372	555.7093	44.28711	623.3611	493.1558	116.48572	104.8	107999	207.23138	103.26554	370.0862	-42.37446	207.23282	103.26684	369.97958	-26.640957	-5.354365	4.488135	26.24997	-21.608982	-208.39462	22.36586	22.063944	629.2322838306427
28	592.91675	143.15672	1211.2838	377.97583	612.2904	46.18995	729.0255	568.63556	116.76471	121.0	111999	207.8172	103.33904	369.08408	-27.68174	207.8171	103.34127	371.3068	-43.491188	-5.4700775	4.4945416	30.265142	-20.32788	-208.94281	22.37468	22.177681	652.8741314411163
29	583.6094	102.21891	847.17413	400.19775	547.2079	45.713085	659.7926	491.33417	112.416664	102.9	115999	209.44638	103.04758	387.92694	-28.6984	209.447	103.05038	371.68582	-26.229996	-5.443536	4.518568	27.42595	-23.669018	-210.57286	21.641422	21.400122	676.303144454956
30	611.48175	99.55084	940.54395	361.29477	589.27795	103.8612	885.7062	501.093	117.117645	114.5	119999	211.04137	103.71761	372.84494	-31.061281	211.0409	103.72174	389.12842	-30.93113	-5.5332165	4.488901	42.62353	-20.382364	-212.17531	21.435144	21.204489	699.7902364730835
31	578.96234	92.75974	798.5055	402.53436	590.6346	64.26183	767.1745	536.2553	111.5	112.3	123999	212.46858	104.05296	387.55463	-19.793009	212.46832	104.055435	381.38962	-18.992645	-5.548197	4.439728	32.627426	-21.760988	-213.6182	20.88441	20.817427	723.3431680202484
32	629.78503	143.46844	1066.1798	430.00848	634.9203	52.159935	746.09125	563.92285	121.818184	120.1	127999	214.05869	104.841125	390.23352	-29.33311	214.05826	104.84343	380.6563	-19.200966	-5.68702	4.4596725	30.010405	-21.69526	-215.17712	20.88649	20.664011	747.2913467884064
33	591.07684	120.164	999.6403	392.5899	562.513	34.38313	609.45953	511.9155	112.828575	105.7	131999	215.3077	105.415245	405.68756	-19.409403	215.30798	105.41617	378.5919	-23.59446	-5.741206	4.445546	28.933529	-21.96033	-216.42566	20.64477	20.502672	771.4342062473297
34	635.81	129.41983	1058.2715	438.43304	618.68665	30.972807	658.5832	547.6587	122.48485	115.6	135999	217.0693	106.3246	382.6149	-23.05104	217.06895	106.32745	382.0694	-46.931602	-5.5611863	4.4490304	35.66674	-21.527351	-218.20654	20.640615	20.447464	795.84965467453
35	625.4284	124.473045	937.86584	439.54193	648.29376	53.437477	749.7248	564.9172	119.878784	124.2	139999	218.70966	106.697716	385.0339	-23.089378	218.70906	106.698715	384.19238	-29.954971	-5.674028	4.3790193	32.616932	-23.275333	-219.83705	20.504215	20.37512	819.4316387176514
36	653.5565	157.75853	1060.8156	425.19617	715.927	115.568085	931.4949	567.4041	125.78125	138.0	143999	219.71622	107.08003	384.1552	-25.865086	219.71626	107.08158	384.68427	-21.413036	-5.658635	4.439202	32.64465	-23.157793	-220.85593	20.366823	20.289742	843.0732991695404
37	662.0285	194.72595	1093.8066	395.24564	554.7055	74.98581	755.5601	486.75604	130.2258	104.0	147999	220.53233	107.15087	385.94077	-15.583113	220.53232	107.15237	386.92126	-18.05969	-5.58646	4.4718504	28.547277	-21.503159	-221.66019	20.36059	20.06906	866.449060678482
38	614.8949	108.04477	905.60583	437.77054	669.7143	97.87614	837.68555	542.1345	119.545456	126.3	151999	222.43188	108.19114	390.25742	-19.53023	222.43254	108.19086	388.36664	-23.708822	-5.4622006	4.467841	32.36917	-21.857174	-223.5835	20.329624	20.186317	891.0409259796143
39	641.0677	131.59587	1000.6216	435.01108	583.5896	68.4784	669.0192	437.40054	122.63636	108.9	155999	224.62512	108.982376	394.41553	-51.790955	224.62466	108.98583	391.10187	-20.818783	-5.3543887	4.4418483	36.437073	-19.689106	-225.78642	20.344543	20.111156	914.2064270973206
40	612.20325	106.583954	893.65784	426.93802	537.02264	34.828667	614.6399	499.43536	116.79412	100.8	159999	226.29152	109.76008	394.298	-87.95666	226.29086	109.76166	393.53098	-36.97386	-5.404148	4.436365	36.2893	-20.227074	-227.42012	20.293062	20.0424	937.0208284854889
41	680.8298	155.1353	1098.4136	458.77133	586.1566	75.68308	704.4668	486.6327	130.06451	111.1	163999	227.5462	110.41964	396.71793	-24.37165	227.5464	110.421234	395.75134	-21.585117	-5.4474187	4.395623	27.458477	-21.16592	-228.66922	20.164385	20.060984	961.5014624595642
42	653.72266	119.94928	946.7837	426.5328	541.247	64.11134	713.46716	490.65024	125.15625	103.3	167999	227.8496	110.94677	397.6001	-21.867165	227.8492	110.94748	396.73325	-36.04609	-5.329986	4.4599476	26.122051	-22.372202	-228.98174	20.06293	19.89084	985.1246180534363
43	694.2769	144.68294	1122.9949	510.35675	758.4988	126.01869	940.63654	591.6527	132.82759	147.0	171999	229.54366	110.935715	398.6181	-25.201092	229.54318	110.939896	399.44623	-38.47889	-5.360131	4.415877	25.590038	-20.512232	-230.68141	20.393261	20.128496	1008.115040063858
44	749.5068	156.44798	1042.2102	420.92242	605.5616	83.22979	763.17523	498.87875	143.0	114.0	175999	231.15576	111.55422	402.0865	-26.926664	231.15585	111.55541	400.21973	-24.987267	-5.41398	4.414738	25.854908	-23.450127	-232.27794	20.392326	20.081718	1030.8345766067505
45	667.78595	149.8082	1137.7902	459.28116	634.81116	81.90611	828.3607	491.05875	127.548386	119.2	179999	233.13884	112.23603	400.3745	-34.218567	233.13928	112.23796	400.64294	-35.35837	-5.3718386	4.43623	29.834312	-21.208899	-234.27034	20.470684	20.116852	1053.6791977882385
46	695.7735	140.01768	1036.43	411.5167	695.63293	38.51574	725.86145	608.4075	133.13333	129.3	183999	234.15956	112.71085	403.20776	-36.439796	234.15878	112.712975	406.65857	-40.727932	-5.3205695	4.4090242	28.200481	-23.592697	-235.28197	20.72277	20.407854	1077.7541477680206
47	662.69055	143.84984	1035.07	486.42612	689.3573	103.63769	876.44916	529.63116	126.09375	131.9	187999	235.1404	113.34253	406.84903	-29.686592	235.14027	113.34718	404.88678	-20.532019	-5.322069	4.4323893	25.684679	-21.42616	-236.26553	20.73644	20.148956	1102.0474820137024
48	669.3238	135.5672	977.3251	425.8209	647.3375	96.73772	801.7082	494.0419	128.09677	121.1	191999	235.87283	113.627144	408.1319	-30.033268	235.8731	113.62978	408.4033	-57.592377	-5.3981566	4.4137263	30.622803	-22.175077	-236.9926	20.487461	20.145777	1125.0849347114563
49	634.4879	131.77623	982.9357	362.44135	718.25494	83.12402	897.0112	619.925	121.818184	136.5	195999	236.57518	113.76211	407.65817	-28.548758	236.57613	113.765015	405.84723	-28.093655	-5.3326545	4.462504	29.847519	-21.292112	-237.67886	20.843708	20.366814	1148.0042889118195
50	697.39813	157.02599	1124.5709	476.11212	808.9669	190.93031	1213.5562	552.0381	132.9	154.6	199999	237.37527	113.85889	406.3007	-33.433033	237.37466	113.86148	406.9818	-55.18797	-5.408607	4.394901	26.696735	-21.362919	-238.49147	20.692207	20.168898	1172.2389056682587
51	714.0206	140.78531	1070.078	521.86005	761.81573	67.145676	870.02594	659.1886	136.68965	143.0	203999	238.9797	114.3298	407.6229	-36.538074	238.97966	114.332565	408.90552	-27.758072	-5.318733	4.4900093	39.19927	-21.673538	-240.1105	20.219395	19.860353	1195.480863571167
52	774.96185	194.65881	1530.9324	487.8572	732.004	105.41137	967.5141	620.33093	147.62962	136.8	207999	240.39572	114.69106	408.82187	-23.711529	240.39597	114.693375	415.88593	-26.711344	-5.3607745	4.4334054	30.481915	-24.942211	-241.50299	20.072706	19.73974	1218.783973455429
53	763.01184	195.52122	1322.3127	456.40268	793.5083	114.71953	944.61285	573.5151	148.44444	148.7	211999	241.18474	115.240845	412.34753	-26.647974	241.18353	115.24385	411.43167	-19.716774	-5.3056707	4.438886	30.322315	-22.736006	-242.27534	20.260937	20.041866	1242.890635728836
54	723.46246	131.17192	1031.5162	513.8877	648.6581	123.1866	863.64343	472.02817	139.10345	127.9	215999	242.5714	115.80662	413.48373	-40.236637	242.57216	115.80798	412.7486	-51.49589	-5.10985	4.5313416	26.981281	-22.749758	-243.71606	20.674376	20.219425	1268.3793189525604
55	793.8852	191.43242	1433.8157	518.7502	639.0167	107.95293	862.0932	536.75574	154.38461	118.4	219999	243.94797	116.865814	416.54156	-22.477934	243.9476	116.86738	417.54044	-24.480045	-5.2366095	4.533888	26.281404	-24.200914	-245.06668	20.767107	20.49991	1293.4120054244995
56	818.65424	154.12544	1176.7185	574.89075	672.8203	105.943184	908.3446	590.2578	157.84	127.0	223999	244.90817	117.09189	414.68695	-28.417551	244.9085	117.09259	416.36716	-35.969585	-5.2585483	4.501972	28.838816	-22.831604	-245.9824	20.982672	20.734583	1316.8503279685974
57	772.58307	193.20406	1230.8185	375.16992	400.9178	134.16943	691.4507	285.26163	151.37038	77.6	227999	246.05109	117.581825	420.103	-19.00225	246.05084	117.584465	419.2259	-27.695112	-5.238891	4.5185122	28.939798	-22.18972	-247.1445	21.484512	21.202715	1339.603622674942
58	906.20526	267.6463	1410.3975	447.0235	675.1796	88.088936	860.43555	603.19806	177.40909	126.2	231999	246.71323	118.57778	420.5048	-21.437597	246.71362	118.57988	420.02182	-31.92505	-5.060951	4.550039	29.57291	-23.191374	-247.83672	21.898735	21.498587	1362.659744501114
59	778.8983	194.03181	1209.6086	457.26968	792.91516	76.94231	882.7789	652.64307	152.5	151.7	235999	248.64478	119.43733	426.2133	-23.065662	248.64426	119.43949	423.58765	-20.70336	-4.99348	4.6495333	31.55484	-22.504568	-249.78868	22.147629	21.740688	1386.0328378677368
60	802.2347	309.25082	1864.3358	480.3843	803.9685	82.953636	917.61554	607.6608	160.4	150.4	239999	250.14226	120.16391	425.69324	-25.480793	250.14236	120.16678	428.10565	-24.7543	-4.921079	4.642943	28.789598	-20.364689	-251.26154	22.595953	22.248909	1409.3624231815338
61	897.7788	303.8927	1645.3773	467.86847	920.08466	328.8489	1573.3424	559.3384	179.30435	177.3	243999	251.0074	120.81661	428.3506	-31.10733	251.00858	120.81631	426.858	-42.36283	-4.808892	4.640674	33.026695	-22.565008	-252.14474	22.841156	22.591137	1432.914127588272
62	905.753	299.88757	1715.1083	509.59164	795.57654	213.23232	1310.34	586.4924	181.22728	154.2	247999	252.59006	121.22187	431.3561	-25.216778	252.58987	121.22357	430.78378	-38.50206	-4.8105087	4.6567307	29.701242	-21.062466	-253.7339	22.849453	22.481972	1456.249266386032
63	1001.66974	311.41867	1562.3861	486.642	688.23627	115.54797	948.4684	533.0934	199.65	131.1	251999	254.50987	122.70395	431.85495	-30.754734	254.50941	122.70479	430.28952	-28.588934	-4.884568	4.60134	29.068909	-20.372948	-255.67516	22.941217	22.764793	1479.3904373645782
64	1030.9639	425.11935	2199.339	505.8466	885.7165	177.46327	1253.2037	573.8356	208.26315	166.7	255999	256.2181	123.75353	433.5505	-25.723846	256.21893	123.75377	433.2042	-29.641083	-4.817686	4.6738815	29.223572	-20.6907	-257.38904	23.411734	23.084206	1502.7451107501984
65	1057.6145	322.1115	1880.167	502.0095	1018.652	716.1861	2802.327	477.7844	210.26315	203.2	259999	257.97806	124.4419	435.47717	-29.207054	257.97787	124.44273	434.45435	-42.89144	-4.7040806	4.6562204	31.57584	-23.273335	-259.12302	24.240343	24.06459	1526.4224932193756
66	1187.876	422.92566	2176.7292	564.9776	945.4061	200.20593	1331.8304	656.50653	231.76471	189.2	263999	259.44263	125.62547	438.81345	-29.670176	259.44263	125.627	438.1638	-32.48352	-4.587337	4.712349	29.468386	-20.245857	-260.5885	24.574715	24.288597	1551.3871493339539
67	1063.3159	465.96515	2599.0645	539.4288	796.7215	302.92484	1209.3297	423.59732	210.52632	158.1	267999	261.0761	125.96388	443.38034	-25.417019	261.0772	125.96647	440.3504	-35.49523	-4.5648994	4.7770543	31.636784	-21.696121	-262.2382	24.978653	24.600616	1577.0758774280548
68	1041.4498	357.19687	1907.3066	654.9941	785.55707	123.35143	1012.7358	592.33575	210.73685	153.0	271999	262.4178	126.9959	441.68604	-89.46055	262.4171	126.99757	446.32114	-128.5489	-4.5121865	4.820444	37.520046	-20.227003	-263.58755	25.481264	25.279875	1601.5622110366821
69	925.8945	458.9434	2730.6187	366.29245	836.48486	121.19676	1042.3733	662.1961	186.59091	155.0	275999	263.05643	127.63176	444.54437	-37.495686	263.05566	127.631386	445.9841	-27.376257	-4.52349	4.785844	37.43936	-21.60051	-264.2049	26.12977	25.941526	1626.184611082077
70	1059.2109	443.77423	2180.6472	401.33127	794.00946	190.78107	1244.7255	555.6757	210.11111	148.3	279999	264.4818	128.54112	446.4693	-26.84028	264.482	128.54152	446.9152	-28.541843	-4.2948885	4.8819714	32.05481	-22.428268	-265.70285	26.263367	26.111586	1651.1225945949554
71	1115.5481	328.5285	1911.6099	661.71313	994.3779	147.12881	1219.2168	759.90326	221.83333	191.3	283999	266.06647	129.51102	448.55908	-22.938213	266.06693	129.51021	449.4688	-36.81351	-4.167629	4.9001894	33.74784	-20.884752	-267.2297	26.849415	26.784925	1676.095580816269
72	1400.5573	394.80356	2159.2585	716.7938	608.29706	66.97489	695.1798	483.24973	276.46667	116.6	287999	267.34137	130.08684	451.39124	-24.292845	267.34164	130.0853	450.58368	-23.26724	-4.09952	4.9543853	45.588737	-22.902664	-268.5008	27.393614	27.301542	1700.6567845344543
73	1119.5382	388.33206	2010.4327	725.0125	961.35315	348.10135	1894.2479	641.1328	222.05556	183.8	291999	269.40518	131.11212	452.88077	-43.21006	269.40588	131.11066	453.02618	-28.711277	-4.126661	4.909381	40.785248	-20.749573	-270.57257	27.126762	27.185856	1726.275554895401
74	1435.4911	401.36288	2280.0085	745.641	1027.5641	412.47238	2055.076	586.93085	281.64285	196.8	295999	270.81104	132.23688	460.99908	-25.73531	270.81155	132.2348	456.17795	-32.931843	-4.069992	4.9239287	32.35566	-21.526405	-271.97446	28.557827	28.474524	1752.14333152771
75	1137.1508	324.47903	1764.1693	686.2051	672.03253	124.162	863.1738	526.4042	224.22223	124.7	299999	272.6043	133.31084	458.5625	-33.44187	272.60568	133.30945	457.55045	-32.84336	-3.799139	5.0340457	41.053204	-21.098919	-273.83313	28.813854	28.71529	1777.7012300491333
76	1156.81	431.05142	1960.0105	655.77435	906.48535	208.87148	1120.9116	449.69235	225.22223	171.5	303999	274.94583	134.4626	461.34296	-26.393167	274.94562	134.4602	461.87747	-29.329283	-3.7908018	5.0291605	31.5645	-21.155132	-276.16956	29.224228	29.214512	1803.9410893917084
77	1575.9988	464.00403	2451.479	894.96027	993.34143	297.5957	1829.1425	724.18585	312.0	186.7	307999	277.02994	135.526	466.82602	-25.321259	277.03	135.52582	470.4912	-34.25164	-3.6051812	5.0705595	31.186466	-20.903952	-278.28006	30.07773	29.937708	1830.5357122421265
78	1463.1525	617.2216	3034.6724	675.8671	1547.5166	676.0707	3237.071	754.0146	286.42856	300.6	311999	278.38907	136.70595	470.0024	-23.931713	278.3891	136.70453	472.14056	-49.113914	-3.7473643	5.079063	41.56987	-21.360641	-279.6095	29.956915	29.897001	1858.2527542114258
79	1437.3497	604.4758	2805.1572	644.7962	932.5991	367.62332	1617.8859	592.80615	284.57144	176.1	315999	279.88623	137.27623	471.10043	-21.488964	279.88684	137.27469	469.73895	-26.64159	-3.776197	5.0600705	33.38851	-22.033403	-281.09067	30.505302	30.36453	1884.4183259010315
80	1999.4227	1156.7635	4641.6313	849.86945	601.78906	75.856766	719.53015	504.764	390.66666	112.1	319999	281.42517	137.92107	472.25873	-31.308294	281.425	137.91966	473.43857	-20.46626	-3.4912696	5.1727486	35.464264	-21.226383	-282.66882	30.733282	30.619408	1909.1432194709778
81	1874.027	1139.8617	5115.829	939.97504	1365.3291	530.423	2439.6104	679.28296	364.58334	261.2	323999	283.51898	139.31131	474.64096	-26.72032	283.52005	139.31068	474.44995	-24.458525	-3.4725578	5.227996	34.281487	-23.24383	-284.77475	31.11237	31.160318	1934.962010383606
82	1778.547	884.57086	3406.0725	758.7923	871.9924	145.12035	1175.9994	677.5756	351.63635	166.3	327999	286.66757	140.50679	478.9937	-20.424555	286.66776	140.50479	479.53738	-23.024363	-3.4594169	5.291205	52.161625	-21.030155	-287.957	31.75964	31.624224	1960.9260742664337
83	2623.014	1186.7551	5095.4126	1322.8783	1431.6586	832.88116	3312.609	570.24445	515.0	271.9	331999	288.525	142.26555	482.62466	-51.132538	288.52637	142.2625	480.33655	-32.32287	-3.3380253	5.319662	37.056076	-21.267792	-289.83838	31.725466	31.716002	1987.776160478592
84	3383.7463	1783.1273	5127.795	861.69403	688.7056	161.20877	1160.7554	571.28033	665.3333	129.7	335999	292.69955	143.711	488.82068	-36.25865	292.69946	143.70894	485.4907	-70.36471	-3.3140044	5.3593073	34.310043	-21.840435	-294.0234	32.568317	32.594475	2013.498451948166
85	2528.5503	1318.9271	4585.6284	555.3942	666.6367	112.18687	868.74536	541.6983	490.44446	124.7	339999	295.8089	145.52336	489.93573	-30.06351	295.81073	145.52058	489.7157	-32.167572	-3.1477575	5.439426	35.52887	-22.418713	-297.17737	33.211063	33.190006	2039.5563459396362
86	2339.6768	1033.6537	3958.0942	1267.312	2604.5537	509.62247	3296.5618	1805.3971	457.375	500.3	343999	299.91464	147.56116	492.2745	-35.99943	299.91534	147.55771	496.08456	-23.618105	-3.10642	5.4861603	38.547768	-21.5326	-301.32855	33.359985	33.43752	2069.587897539139
87	3051.2466	1144.0479	5141.35	1491.3188	2342.7651	788.20544	4229.69	1275.2313	594.4286	446.5	347999	302.42413	149.6078	497.04977	-31.90188	302.42462	149.60463	497.48557	-27.371574	-2.9625628	5.515456	33.895767	-24.091003	-303.8243	35.005527	35.14403	2095.577187538147
88	2676.7334	1368.697	5047.5605	791.84	4061.8718	1423.185	5215.175	802.6256	523.0	777.8	351999	305.71692	152.13092	504.94415	-23.31645	305.71814	152.12688	501.3306	-25.716482	-2.8050318	5.5913205	35.858025	-21.551981	-307.1336	36.78283	36.729595	2124.2476098537445
89	2606.0603	1180.0349	5152.499	1176.5154	777.74695	53.362873	848.8447	705.6502	508.875	148.2	355999	308.53754	154.08273	506.34555	-22.102877	308.53693	154.08057	504.6554	-32.53507	-2.4688776	5.7772818	42.67899	-21.551853	-310.0288	37.650734	37.93649	2148.2704977989197
90	1853.5078	1204.0164	5117.577	953.0091	1344.6086	422.27548	2022.4597	727.186	361.9	253.4	359999	312.74103	156.19757	511.337	-31.711203	312.7422	156.19502	514.1342	-37.958843	-2.5735562	5.6825233	34.11477	-23.53516	-314.21402	38.407806	38.462914	2172.9292283058167
91	3058.8145	1250.4906	4672.211	1333.5089	1313.4318	398.07428	2100.0908	903.8848	599.3333	253.8	363999	315.03366	157.54771	512.8195	-44.01726	315.03317	157.54568	513.6359	-77.16374	-2.5016727	5.7300386	40.64274	-21.20408	-316.5135	38.99028	39.288345	2197.6161456108093
92	3089.2332	1675.0718	5128.6006	1070.9609	2002.8291	1369.3883	5143.3184	827.216	601.2857	382.0	367999	318.51746	158.9617	516.3391	-44.38488	318.518	158.95697	518.0282	-52.600815	-2.5764103	5.8107214	38.225277	-20.601826	-320.0378	39.108185	39.398422	2223.206222295761
93	3739.664	809.3081	5118.254	2761.3032	1114.5115	206.76355	1464.0515	707.1374	728.3333	219.0	371999	321.8152	160.57013	522.70026	-45.042633	321.81628	160.56694	522.3655	-32.145493	-2.490907	5.837302	51.063583	-21.841385	-323.33755	39.64186	40.018925	2247.5596120357513
94	2977.6523	1482.6724	5138.674	1458.1606	1830.9641	1689.6465	5176.4175	562.1941	585.5714	356.3	375999	324.77045	162.63812	524.2745	-38.57916	324.77036	162.63374	530.71265	-56.951336	-2.3475685	5.9666686	50.203533	-20.062553	-326.3	40.857296	41.027306	2273.0870265960693
95	2599.3564	1364.6804	5115.569	1225.9945	2172.8296	1733.3875	5201.8438	593.2008	511.375	426.5	379999	328.48898	164.56886	539.5534	-31.336815	328.49008	164.5652	529.5352	-36.610283	-2.3332245	5.9782557	44.603233	-20.83035	-330.0663	40.92846	41.12377	2299.1493258476257
96	3187.1702	1263.3729	5156.9976	1596.9441	3436.214	1434.3003	5268.768	1138.1873	622.0	660.4	383999	330.60516	165.9323	535.2349	-26.205786	330.6052	165.92773	536.03625	-37.010494	-2.3805618	5.9826355	41.514133	-21.148243	-332.124	41.97995	42.464912	2327.0083606243134
97	4065.349	1228.1023	5151.119	2199.8516	1744.8933	861.16614	4072.4448	1020.924	792.8	331.6	387999	333.60782	166.41638	539.5463	-28.945654	333.6076	166.41377	533.7057	-34.526157	-2.3191843	6.064121	42.438393	-20.852089	-335.1798	42.32785	42.823116	2352.3700153827667
98	3284.1367	1530.3516	5190.6562	817.12976	4912.9204	715.28235	5226.379	2881.6177	640.3333	939.6	391999	335.85672	167.8853	534.1655	-52.478016	335.85715	167.88307	534.409	-30.224424	-2.2946925	6.056655	39.132355	-24.014894	-337.46375	42.819336	43.04818	2382.5496802330017
99	4598.5835	860.0286	5176.13	2899.0474	4301.13	1334.8248	5258.4673	1240.6439	887.2	818.3	395999	339.52896	169.32002	537.54755	-30.209196	339.53055	169.31494	538.76416	-59.6459	-2.227547	6.0467806	39.29702	-20.400385	-341.1113	42.709534	43.0841	2411.707175016403
100	3017.9397	1249.6038	5137.5156	1434.252	2016.7317	1038.5438	3422.466	760.9874	585.6667	384.8	399999	342.38345	170.43747	543.94226	-26.614086	342.3827	170.43375	544.0906	-49.652763	-2.2150135	6.114512	48.933628	-24.259947	-343.99557	43.759144	44.103317	2437.324563026428
101	3355.6814	1313.6376	5222.6113	2053.0928	1478.5203	823.6481	3227.2676	757.206	650.1667	283.6	403999	345.5699	171.45251	545.84454	-31.053543	345.57013	171.44897	547.8773	-28.487696	-2.1331375	6.1180725	39.844467	-21.514706	-347.19022	44.49344	44.767944	2462.205013990402
102	3814.216	1685.3937	5175.2896	1228.7301	4050.5215	1289.669	5262.709	1700.7214	738.8333	774.1	407999	347.71805	171.97845	546.5672	-26.541603	347.71887	171.9753	546.95844	-56.42438	-2.205415	6.0687823	37.961388	-21.283846	-349.3055	44.81017	45.27789	2490.6693506240845
103	2801.086	1146.6245	5222.229	1633.038	4883.202	840.1771	5289.2944	2515.0667	543.5714	928.1	411999	349.1331	172.62927	552.7276	-34.568954	349.13437	172.6257	551.5	-54.63533	-1.9983138	6.0537	52.923664	-21.091171	-350.71722	45.019886	45.25092	2520.320424079895
104	3319.2268	1048.4681	5181.8105	2258.251	1291.4482	1093.372	4553.165	754.07855	643.1429	250.9	415999	351.7624	172.91713	551.92377	-33.909016	351.76276	172.9124	551.0024	-36.982765	-1.958548	6.1017632	40.922825	-20.968544	-353.36993	45.23432	45.65207	2545.1296694278717
105	3735.2656	1761.2529	5198.2554	1343.0314	3081.787	1434.4655	5231.4136	979.8787	721.0	589.1	419999	354.40323	173.46773	557.1394	-24.790108	354.4028	173.46419	553.2741	-32.645462	-2.0049732	6.0898056	39.845615	-21.341927	-356.0205	45.0586	45.559273	2572.305171728134
106	3649.3647	1801.0245	5182.478	1169.9971	2119.925	1422.2559	5247.1064	824.3676	714.4	405.1	423999	355.61963	174.25015	553.343	-29.723202	355.62064	174.24687	556.5112	-28.56094	-2.0550618	6.120389	48.050648	-23.51017	-357.18903	45.22625	45.363914	2598.2313871383667
107	4097.2114	1545.5878	5227.941	1767.0916	4550.9663	1089.274	5276.2266	2796.8984	789.8333	865.0	427999	357.59348	174.42947	553.98517	-37.971104	357.5928	174.427	557.9197	-39.74734	-1.9867259	6.099581	49.15811	-21.118198	-359.13812	45.652107	46.13595	2627.5598046779633
108	4121.6055	1687.2285	5230.5938	1211.1753	1446.9395	384.9315	2047.889	787.77136	793.25	273.1	431999	359.60977	175.13852	562.1864	-30.945053	359.61057	175.13443	563.393	-38.302227	-1.923512	6.1889544	44.624577	-21.534765	-361.21582	45.585144	45.901463	2652.522593975067
109	2405.6765	1551.1785	5155.906	729.7123	4750.8813	1103.908	5311.2393	2135.3975	467.8	896.9	435999	362.2037	175.72136	559.4064	-45.927982	362.2057	175.717	564.5338	-58.930424	-1.9018222	6.2086043	56.848114	-22.020876	-363.82373	45.628975	45.618233	2681.9758563041687
110	4571.952	392.02008	5230.516	4233.9614	2370.4866	1850.6144	5256.502	943.3853	891.25	450.8	439999	364.06445	176.60698	559.784	-43.689415	364.0655	176.603	561.5022	-48.83737	-2.008051	6.1602335	45.214977	-20.409378	-365.61014	45.387486	45.817047	2708.2867341041565
111	4373.792	1578.2582	5218.184	1218.9059	2066.4214	1647.3542	5310.7847	811.8316	840.6	391.0	443999	366.04877	176.74792	565.1589	-53.97043	366.04828	176.74194	559.1888	-55.58164	-2.0286584	6.1754017	42.902115	-20.736885	-367.5847	46.75168	47.24953	2734.0743551254272
112	3751.179	1551.2292	5220.742	1388.9305	2600.0186	1245.4014	5275.1543	1185.3354	725.6667	495.8	447999	366.91507	176.84296	563.32635	-69.04282	366.91653	176.83794	562.20825	-38.774414	-2.0847833	6.2250586	50.333023	-21.493229	-368.46808	47.473976	47.72529	2760.771651983261
113	3557.468	1327.6019	5182.4556	1425.7695	2469.7798	1305.05	5168.0254	1070.7661	685.1667	470.4	451999	368.71384	176.75296	562.41	-30.155596	368.71524	176.7468	560.8277	-41.982265	-2.0264916	6.1589866	47.25439	-20.118355	-370.26605	46.381866	47.115902	2787.2330524921417
114	5173.5703	12.685595	5187.628	5153.174	2404.1216	1093.8693	5129.317	1168.2194	1000.0	456.1	455999	369.8676	176.57663	564.2978	-29.832994	369.8679	176.57373	563.1179	-64.62673	-2.0012808	6.2606864	50.067787	-22.143463	-371.40652	47.076023	47.262543	2813.5824942588806
115	3978.493	1440.885	5171.9487	1826.7196	3494.2026	1628.6039	5243.502	1400.1274	769.2	668.5	459999	371.90128	177.16745	564.6238	-29.743645	371.90292	177.16486	563.63416	-27.093842	-2.0228407	6.1653438	41.78781	-21.42825	-373.44543	46.557377	46.729107	2841.4508695602417
116	4384.906	802.0759	5188.5024	3426.2905	3414.623	1784.5752	5283.29	1174.7007	849.0	646.3	463999	374.2365	176.92929	562.4678	-30.844309	374.23587	176.92654	562.4711	-39.385525	-1.9469507	6.221453	43.140556	-19.58487	-375.78323	45.660244	46.11261	2869.1643221378326
117	4485.515	1350.6544	5179.0977	1784.4911	4984.4033	599.8584	5195.715	3184.8958	869.8	960.6	467999	376.03897	176.87062	566.6329	-31.758684	376.03787	176.86623	563.1906	-33.76741	-2.0085788	6.1768317	42.99559	-20.65168	-377.57687	45.16068	45.540474	2899.4048988819122
118	4146.3975	1400.3983	5135.336	1526.2882	4232.3184	1137.1621	5200.5703	1830.9138	811.6	814.1	471999	376.81064	176.7777	563.5068	-28.845629	376.812	176.77263	564.05304	-38.13626	-2.1851492	6.115283	43.526093	-21.816257	-378.30045	45.486202	45.942554	2928.620519399643
119	3228.961	1929.0916	5174.2896	774.32434	2512.2578	1188.8473	5283.9043	1340.8978	629.5	477.3	475999	379.31735	177.01884	563.5604	-47.895958	379.31885	177.0115	561.7898	-34.69815	-2.0088408	6.1584945	58.82506	-20.826145	-380.85522	44.605698	45.34838	2955.3566370010376
120	3896.9634	1635.4053	5190.4185	1218.9653	4215.8228	1353.8456	5267.006	1939.335	752.2	800.0	479999	382.59796	177.70734	567.60236	-68.08772	382.5968	177.70615	565.4461	-38.931156	-2.091943	6.2190247	46.345245	-22.15467	-384.13635	44.16999	44.7677	2984.3795936107635
121	3752.4265	1586.518	5182.837	1560.942	1200.901	286.98196	1689.3146	703.3863	733.6667	230.4	483999	385.00037	177.87646	578.7479	-30.4168	385.0018	177.87086	564.6302	-26.821186	-2.0763361	6.1931634	60.344673	-21.188993	-386.5147	44.13801	44.56924	3009.2777893543243
122	3577.9421	1236.5674	5147.9844	1429.3983	4580.4824	1412.101	5273.6357	1055.765	693.0	869.4	487999	386.2833	177.99152	567.5412	-34.472492	386.2832	177.98904	566.66656	-32.86086	-2.1156273	6.173706	61.82495	-20.673073	-387.82297	44.09668	44.348774	3038.8450756073
123	4964.885	276.2417	5137.5176	4486.6743	4701.1655	1105.7883	5260.153	2435.8027	970.25	894.6	491999	387.80188	178.55305	569.072	-38.832767	387.8025	178.54881	572.2468	-44.067596	-2.060424	6.236832	53.110245	-22.85	-389.3147	43.81001	44.21974	3068.826036453247
124	4353.0903	1543.0446	5170.468	1267.4723	4880.748	728.1072	5280.163	3162.2327	848.4	925.4	495999	389.83472	178.94022	570.9355	-28.687017	389.83557	178.93475	568.59467	-31.689411	-2.1549525	6.244494	46.038696	-21.179626	-391.34344	43.887375	44.27943	3098.7073340415955
125	4918.6123	373.40707	5155.3755	4272.607	2342.4187	963.0654	4013.5703	1427.0703	957.5	445.3	499999	390.97296	178.90945	583.1891	-47.521164	390.97433	178.90651	574.239	-45.039562	-2.2314386	6.1817355	52.66295	-21.286915	-392.46432	44.23073	44.382496	3125.2337923049927
126	3548.4468	1649.112	5238.6807	881.20764	4191.7046	1170.2704	5331.9155	1757.7577	686.2	790.6	503999	392.45776	179.40286	572.1291	-38.619667	392.45752	179.39966	581.31195	-52.03369	-2.1100054	6.2851987	49.964684	-21.110176	-393.97937	44.16977	44.702522	3154.2313323020935
127	4314.7695	1640.629	5227.0923	1036.0192	4566.332	1600.2917	5374.2134	1196.6129	829.4	851.8	507999	395.12344	179.60251	575.9428	-62.84911	395.12372	179.60164	574.33435	-42.696148	-1.9709858	6.2861905	59.0606	-21.618235	-396.67117	44.69304	44.90636	3183.7000031471252
128	4800.536	637.6403	5155.705	3526.9646	5278.978	11.581313	5297.7725	5260.329	937.0	1000.0	511999	396.5859	180.08647	577.79395	-49.63538	396.58664	180.07915	573.6798	-34.535503	-2.1093779	6.223103	56.973236	-19.926529	-398.115	44.291084	44.866936	3214.2985804080963
129	4569.696	690.46857	5157.97	3442.191	5327.5825	13.091489	5345.447	5305.1304	891.5	1000.0	515999	397.87216	180.07562	575.09735	-31.865171	397.87296	180.06906	576.79767	-37.436604	-2.320923	6.1465764	46.015827	-23.793034	-399.33688	44.234165	44.86391	3244.802721261978
130	4723.92	743.9656	5210.7705	3437.1177	5030.661	726.70807	5283.9736	2850.6252	918.0	953.8	519999	399.07556	179.92615	599.7762	-31.483234	399.07697	179.92279	574.9102	-39.213478	-2.139131	6.1508317	64.78476	-28.447474	-400.5339	44.02199	44.41162	3275.2890119552612
131	5142.8696	12.070377	5159.721	5129.946	3596.4707	1527.5027	5218.868	1047.3081	1000.0	688.4	523999	399.95285	179.30322	577.3437	-38.31957	399.95285	179.29968	575.6998	-37.66845	-2.2865	6.1195316	53.617924	-22.00785	-401.38937	44.059494	44.218006	3303.93753862381
132	4589.503	1032.6439	5143.655	2525.0454	2155.686	942.2737	3451.5293	1059.8245	897.6	407.9	527999	400.96436	179.69069	573.84894	-35.030045	400.96597	179.68646	576.00714	-66.07673	-2.1338668	6.216255	55.988045	-20.301216	-402.4624	43.48634	43.84054	3330.295184612274
133	4356.3447	1539.0018	5137.181	1278.3695	3180.6902	1625.4587	5267.728	923.6442	849.2	601.5	531999	403.22055	179.50098	577.2506	-57.662262	403.22116	179.49706	580.3992	-37.56176	-2.2464585	6.1465673	48.614586	-23.434074	-404.69623	42.909054	43.0174	3359.5209760665894
134	5125.382	20.187922	5148.158	5100.7046	1995.1487	1305.4264	5304.772	1042.0796	1000.0	373.8	535999	404.84488	179.46304	576.97064	-55.87072	404.847	179.4586	575.9556	-34.606453	-2.3767974	6.1452894	47.440147	-23.490376	-406.3285	42.238914	42.403305	3387.3927433490753
135	4578.639	643.3455	5184.3813	3643.5715	4848.7295	1031.4678	5272.8213	1784.9385	889.0	924.0	539999	406.26974	179.70454	580.9805	-38.221024	406.2701	179.70006	579.01825	-43.487904	-2.251088	6.1153345	51.306732	-22.24171	-407.71796	42.964493	43.361946	3420.1999349594116
136	5163.206	25.223255	5188.1875	5121.749	4030.089	1562.8702	5276.405	1151.92	1000.0	766.9	543999	407.82153	179.88747	580.0541	-45.212704	407.8224	179.88542	588.0991	-56.3104	-2.2609427	6.173848	49.521408	-21.74311	-409.3092	42.34875	42.380783	3451.7539365291595
137	4473.6396	1352.8047	5197.1006	1768.7456	5224.523	8.0792055	5232.1494	5211.048	868.0	1000.0	547999	409.96127	180.23767	594.8253	-36.55673	409.9632	180.23282	604.4302	-55.609432	-2.2581851	6.1949587	57.234276	-19.312178	-411.43713	42.238846	42.550285	3485.094262123108
138	4267.962	1225.421	5158.038	2001.1998	5203.319	17.151186	5225.895	5173.7324	832.8	1000.0	551999	411.82205	181.04099	634.7458	-27.52938	411.82327	181.03845	622.4508	-37.977856	-2.105397	6.2834015	50.77806	-21.840948	-413.35382	42.76458	43.03667	3518.8961353302
139	5060.753	91.329735	5128.8677	4903.633	5260.841	8.754684	5271.7256	5241.412	988.0	1000.0	555999	413.87027	181.11336	653.3867	-31.717575	413.8701	181.10869	688.8302	-46.261322	-2.2687428	6.274215	55.77091	-27.222464	-415.33728	42.682133	43.307312	3552.7962696552277
140	4349.6533	1357.0425	5148.634	1999.245	5208.8213	4.5886464	5215.193	5198.4624	847.0	1000.0	559999	415.4258	180.9701	732.6943	-37.54905	415.4252	180.96469	701.7174	-41.95373	-2.2783496	6.2107224	62.80085	-23.900604	-416.89642	42.663216	43.137547	3586.8671650886536
141	4638.306	735.39166	5153.301	3224.7751	4583.6353	1264.2358	5291.959	1248.2963	909.0	869.2	563999	417.11365	181.39536	876.1465	-36.736443	417.11453	181.39426	866.10223	-39.236523	-2.1784105	6.2916665	67.394035	-22.21016	-418.60245	43.586456	43.509014	3619.872497320175
142	3626.4844	1438.7274	5127.3115	1418.7467	5300.6274	7.4035025	5314.8604	5291.757	713.8	1000.0	567999	418.10992	182.25894	1095.725	-45.854614	418.1116	182.25697	1077.8828	-43.942245	-2.222935	6.3523097	76.62614	-22.777256	-419.63675	43.872826	43.85718	3654.0661056041718
143	3959.0073	1421.11	5146.3477	2209.0967	5321.753	5.7559104	5333.44	5314.7856	772.2	1000.0	571999	420.59625	182.2165	1085.0343	-50.032513	420.59647	182.21548	1066.5988	-35.41311	-2.4133255	6.3801794	73.76797	-21.481916	-422.08868	44.686516	44.672813	3686.372413635254
144	4831.5215	527.5397	5151.3267	3778.748	5219.7188	11.083891	5231.5044	5191.1855	947.6	1000.0	575999	421.8553	182.45258	1149.7571	-39.3073	421.85583	182.4501	1114.3286	-33.827076	-2.309733	6.402193	77.91853	-20.688202	-423.3326	43.79827	44.52673	3719.3326740264893
145	3695.8413	1703.1628	5096.0537	1280.124	4881.976	1025.093	5237.4106	1806.8256	728.2	936.5	579999	423.95288	182.66351	1035.9437	-41.703213	423.9532	182.65819	1022.7196	-48.44858	-2.204546	6.4130416	67.25342	-20.024992	-425.4568	43.197876	43.7377	3752.0432975292206
146	4657.5903	787.86206	5135.0176	3293.2366	4250.4194	1554.433	5294.827	1538.7189	914.5	807.0	583999	425.13327	183.1298	1059.1425	-62.93512	425.13367	183.12743	1087.4775	-66.233795	-2.426706	6.345972	61.267048	-21.821182	-426.57513	44.10896	44.31476	3783.240898370743
147	3602.377	1584.22	5120.975	1378.3955	5068.087	421.9465	5302.919	4030.8867	702.8333	959.1	587999	425.4372	183.15659	1167.6401	-37.32257	425.4383	183.15396	1175.8105	-66.26816	-2.3861265	6.4296575	65.368225	-21.297743	-426.9098	44.97663	45.676117	3815.7194068431854
148	5113.9995	7.9951887	5122.723	5103.1523	4048.632	1475.4978	5340.0815	1724.6935	1000.0	760.7	591999	427.0111	182.54164	1197.7753	-35.933807	427.0124	182.53664	1194.6667	-38.815224	-2.3298314	6.429014	69.40233	-20.930092	-428.44226	45.520798	45.773438	3846.3268320560455
149	3874.19	1659.1921	5186.218	1076.2603	5293.4985	10.131621	5310.8657	5271.7603	757.0	1000.0	595999	427.11234	182.17183	1022.55225	-36.56547	427.11188	182.16795	1044.2554	-42.32013	-2.4163194	6.3655615	64.50127	-22.186611	-428.53967	44.61489	44.96034	3878.796576499939
150	5172.1367	18.048906	5190.2197	5145.2554	5266.4272	5.010128	5273.63	5258.4917	996.75	1000.0	599999	428.2936	182.0463	1121.9302	-48.21533	428.2952	182.03914	1095.3123	-36.775917	-2.3247044	6.3127313	62.55712	-22.506203	-429.75607	43.83078	44.34667	3911.7248227596283
151	5085.4688	26.805544	5122.18	5051.042	5236.7075	434.5794	5396.602	3933.3645	1000.0	972.7	603999	431.08707	182.14328	1097.6731	-47.04131	431.08673	182.1411	1058.637	-37.487743	-2.3764234	6.436108	65.13207	-22.82754	-432.59406	43.66404	43.90425	3946.0389947891235
152	5118.2935	29.713116	5154.394	5072.4604	5327.146	10.538011	5339.2466	5300.1143	1000.0	1000.0	607999	432.28403	182.30038	1290.6755	-42.464336	432.28555	182.30228	1301.5397	-39.14476	-2.5425014	6.391328	74.40869	-21.421951	-433.72943	44.053032	43.995415	3979.901855945587
153	5134.507	46.250595	5181.5864	5067.6626	2345.3672	941.30206	3910.3125	1337.9363	1000.0	438.3	611999	433.43045	182.50153	1167.4257	-38.983658	433.43152	182.49617	1172.9293	-37.134163	-2.5908709	6.4293423	77.56331	-28.66373	-434.88443	42.69207	43.255116	4009.6381549835205
154	4847.457	668.2128	5202.4917	3511.988	5310.5024	5.7899656	5318.91	5299.718	938.4	1000.0	615999	434.43503	182.03993	1384.5503	-37.801376	434.43665	182.03326	1285.2725	-41.742313	-2.4625726	6.2850404	73.04704	-21.452208	-435.8261	43.046772	43.164017	4042.9859867095947
155	5122.8125	28.667933	5167.453	5087.4463	5283.061	10.331413	5298.0605	5262.7524	1000.0	1000.0	619999	436.19955	181.8017	1262.1074	-35.638245	436.2012	181.80193	1299.4822	-48.587418	-2.336158	6.351286	65.793106	-24.041107	-437.66345	42.816143	42.985905	4076.399172067642
156	4098.5605	1818.7758	5182.955	948.5651	4519.1675	1300.9586	5352.744	1132.9761	797.75	846.8	623999	436.982	182.13379	1441.8177	-40.967365	436.98267	182.13187	1415.5023	-59.65104	-2.626007	6.3404984	78.99956	-22.786583	-438.37552	43.786774	43.86875	4109.274338006973
157	4877.9424	480.91183	5205.69	3921.778	5316.2373	13.7694	5349.597	5299.374	955.8	1000.0	627999	438.18756	182.56294	1899.9121	-67.41442	438.18677	182.56258	1918.8258	-85.98876	-2.3563712	6.531144	131.83522	-20.838543	-439.51996	52.623775	52.302364	4144.102878570557
158	5179.9585	6.95384	5190.3784	5172.9956	5250.7285	14.660059	5267.723	5218.744	1000.0	1000.0	631999	438.60583	183.04411	2241.352	-68.429184	438.60837	183.04604	2293.8818	-56.256325	-2.3694518	6.4867625	113.17125	-24.351568	-439.98776	52.13216	52.045128	4179.019882678986
159	5136.997	31.224873	5167.357	5088.399	5323.5615	11.854259	5344.47	5301.9106	1000.0	1000.0	635999	439.20065	182.88194	2113.2605	-53.54992	439.20047	182.88754	2230.7454	-93.43909	-2.4915211	6.323606	97.26185	-22.720577	-440.55222	51.069614	50.325066	4213.682307243347
160	3897.7117	1572.0756	5125.3604	1248.35	3681.054	1435.5007	5240.443	1329.0393	769.0	706.1	639999	440.73593	182.95753	2260.8416	-61.54609	440.736	182.94974	2180.7288	-74.05362	-2.3017683	6.5341954	107.52285	-21.778347	-442.08273	56.744213	58.086697	4245.674676179886
161	3791.6433	1512.5991	5156.4062	1742.5801	2131.4084	1398.2705	5324.694	875.8328	751.6	398.1	643999	442.14487	183.21164	2300.1401	-100.20196	442.1478	183.21303	2231.4714	-102.27614	-2.379727	6.5268307	114.2105	-22.868416	-443.47693	61.533382	61.67076	4275.4832010269165
162	5142.117	28.049492	5183.806	5107.664	5232.3975	273.32172	5339.1323	4412.8506	1000.0	982.2	647999	442.04544	183.59521	2322.3892	-46.41362	442.04416	183.60086	2397.2454	-85.140205	-2.1350088	6.5367055	120.47439	-22.542645	-443.35046	65.234665	62.863632	4310.34143948555
163	4154.753	886.3642	5200.587	2855.4976	5301.073	7.8714614	5312.8115	5291.6807	805.0	1000.0	651999	444.18542	183.74515	2521.23	-51.81364	444.187	183.75125	2405.6997	-106.88913	-1.9697622	6.5363503	113.84335	-23.212662	-445.5801	66.51099	65.48061	4345.38227725029
164	3696.4153	1586.9028	5190.7983	1104.5785	4834.3506	1270.2872	5265.8823	1023.5177	721.3333	919.6	655999	446.3033	185.06775	2654.331	-96.429436	446.30313	185.05133	2912.5752	-160.36798	-1.8312986	6.640013	123.28012	-23.76146	-447.64185	81.11203	79.88287	4380.086392402649
165	2931.231	1609.8029	5169.9746	653.7184	4468.004	1400.2816	5264.2407	897.16876	574.0	851.5	659999	448.6743	184.86296	2285.9316	-205.9958	448.6778	184.86212	2318.1125	-238.35918	-1.8669138	6.718687	95.55853	-24.297283	-450.13974	67.181496	64.78501	4413.213631391525
166	4072.7974	1595.0299	5226.77	1058.9691	5327.6064	52.119022	5372.8955	5195.1426	796.8	1000.0	663999	449.69135	185.3253	2125.8762	-197.19202	449.69095	185.33047	2216.0022	-186.2396	-2.2279868	6.59827	85.97934	-21.330055	-451.1242	59.663174	58.645565	4446.680084228516
167	4309.6304	1031.8036	5254.038	2671.5752	4017.1226	1494.446	5403.1343	1084.1985	823.0	750.6	667999	451.141	184.93677	2082.1277	-117.49766	451.14148	184.93433	2176.8416	-174.75638	-2.3923256	6.490267	78.77894	-23.038342	-452.561	55.51558	55.93737	4478.154651880264
168	4095.4282	1224.216	5168.091	2242.0845	4323.8496	1501.5184	5376.7554	1167.6609	795.6	806.8	671999	452.30945	184.74686	2042.8605	-72.093285	452.30872	184.74661	2158.0642	-55.727818	-2.4442441	6.405023	78.06503	-21.259418	-453.67688	58.484486	59.280743	4510.253229379654
169	5185.799	11.897142	5201.3955	5173.7153	4397.9053	1524.5582	5335.439	934.11957	1000.0	827.7	675999	452.63217	185.32059	2109.0344	-66.42787	452.63248	185.32927	2082.4722	-71.94309	-2.398998	6.444729	102.48517	-21.221642	-454.00632	54.72388	53.238327	4542.411787986755
170	4367.377	1505.5651	5174.845	1357.1838	4838.212	1251.851	5393.227	1250.6691	854.2	902.2	679999	452.94196	184.36594	1877.7643	-79.05499	452.94104	184.36603	1824.3119	-96.47816	-2.4017289	6.543811	83.26122	-22.961407	-454.36118	51.12433	50.785934	4575.477636098862
171	4469.2646	1386.9432	5197.4937	1695.663	5182.7915	581.3872	5400.103	3439.852	865.8	964.5	683999	455.13364	183.38675	1604.3687	-46.560844	455.13275	183.38145	1509.8716	-54.53982	-2.6102076	6.4843755	80.00621	-21.866581	-456.57156	47.462753	47.714108	4608.622787475586
172	3872.9773	1628.123	5251.8486	1524.156	4785.8384	1014.9081	5411.298	2353.6094	743.2	889.6	687999	455.5396	183.60785	1844.0193	-59.078053	455.53967	183.60828	1820.8693	-46.257458	-2.8365884	6.4815564	92.35635	-20.187431	-456.85736	47.06493	47.51791	4640.904450178146
173	5170.9717	18.480759	5187.801	5139.7236	3699.1172	1598.4437	5287.1772	1409.406	1000.0	704.3	691999	455.42963	183.76122	1955.4365	-49.96899	455.4287	183.77092	1861.2621	-61.02495	-2.6673872	6.4275346	106.58593	-21.10368	-456.77255	49.119602	48.31161	4672.556108951569
174	4325.6787	1645.5371	5219.3247	1035.8043	5277.7505	9.194003	5289.8916	5262.1104	840.4	1000.0	695999	455.5546	184.22076	2005.671	-53.739235	455.55273	184.2251	2013.4197	-69.78043	-2.7219453	6.413086	91.71732	-22.590681	-456.8965	50.82714	50.709686	4707.292675018311
175	5020.8765	209.13173	5176.2437	4662.3506	5029.105	870.61633	5401.835	2425.615	977.25	942.6	699999	455.54184	183.94923	1984.7294	-60.9447	455.53925	183.95662	2073.3823	-60.093506	-2.7529783	6.427531	90.149315	-20.959185	-456.8403	51.447586	51.847015	4740.843081951141
176	5127.838	19.331333	5149.811	5100.8535	5318.1475	21.613129	5367.729	5289.491	1000.0	1000.0	703999	455.99167	183.5116	1783.5216	-96.717926	455.992	183.51419	1872.9198	-76.97012	-2.724212	6.3985486	85.88526	-21.003164	-457.32718	48.30897	48.37463	4776.141864299774
177	4778.021	654.19275	5184.0273	3645.4255	5291.204	7.6178083	5304.508	5279.5757	925.25	1000.0	707999	456.32297	183.83994	1936.7526	-55.506836	456.32156	183.84027	1953.605	-58.020462	-2.7144475	6.462924	76.47299	-21.053413	-457.67172	51.432156	50.71327	4808.218029975891
178	3896.7058	1440.1744	5191.0444	1604.8141	5413.7197	9.937598	5433.175	5400.8535	753.0	1000.0	711999	457.47552	183.64589	2143.805	-104.847176	457.47293	183.64934	2123.4077	-59.225174	-2.570085	6.5259786	91.72082	-23.688736	-458.81732	51.27257	50.498142	4840.0843596458435
179	5182.3945	38.73433	5219.2725	5117.2695	2769.7441	1608.6432	5303.9395	945.84015	1000.0	527.6	715999	458.75128	182.29019	1440.2949	-66.42229	458.7517	182.2887	1512.2064	-67.73168	-2.808172	6.4571443	70.379974	-21.36856	-460.11313	46.6569	47.022087	4868.985129117966
180	5196.133	55.820805	5283.1367	5128.768	5355.573	5.493665	5363.9785	5345.144	999.25	1000.0	719999	459.81967	181.92612	1440.3008	-37.73747	459.81897	181.93011	1426.7565	-75.09613	-2.8295956	6.447282	78.69635	-21.320282	-461.1949	43.88496	43.258614	4904.463313102722
181	5154.493	35.724216	5211.995	5122.4272	5325.044	5.3928595	5333.6196	5313.43	1000.0	1000.0	723999	461.47705	181.18892	1438.7837	-50.52623	461.47815	181.18217	1403.8329	-82.16991	-3.0223024	6.4307814	92.373116	-20.873472	-462.82425	44.080936	44.18694	4938.9879467487335
182	5125.063	14.663591	5149.593	5113.167	5191.9194	272.00854	5287.2974	4375.9897	1000.0	983.4	727999	460.83575	181.90025	1542.1942	-39.582882	460.8382	181.90039	1652.8265	-53.97991	-3.0742638	6.498621	91.16305	-21.11537	-462.16476	46.736454	46.324253	4974.481560230255
183	4359.579	1407.7202	5211.612	1921.7565	5236.471	17.71295	5272.0293	5210.7104	840.5	1000.0	731999	462.54843	180.4045	1298.9044	-46.307133	462.5479	180.39862	1300.248	-49.079933	-2.8208532	6.464951	69.13373	-21.394941	-463.94507	43.202946	43.760365	5009.180175542831
184	4800.5737	737.61896	5179.079	3325.4028	5280.4297	3.6483517	5285.8433	5271.377	929.6	1000.0	735999	462.7549	180.41498	1311.2638	-51.88814	462.7566	180.41087	1200.1609	-47.023277	-2.992218	6.481431	67.16185	-21.195713	-464.1126	43.54645	43.49821	5044.786984205246
185	5141.4976	13.353896	5150.9507	5118.462	5298.687	40.78088	5418.328	5273.0796	1000.0	1000.0	739999	463.09836	180.35342	1145.953	-60.10895	463.09863	180.35207	1091.9558	-45.34505	-3.0162244	6.4610906	63.34643	-24.124157	-464.45026	42.14223	42.114056	5082.417364835739
186	5131.414	24.313255	5159.135	5100.782	5255.786	52.56843	5280.2407	5098.611	1000.0	996.5	743999	464.4112	179.79636	1104.6215	-60.220654	464.41095	179.79178	1122.3948	-78.05722	-3.0673032	6.5525384	59.8591	-21.417461	-465.76007	41.968445	42.309303	5116.249495506287
187	5139.7275	12.357016	5159.9263	5127.5747	5251.374	2.860785	5257.0356	5246.5815	1000.0	1000.0	747999	465.55725	179.09874	913.7293	-56.808487	465.55777	179.09576	1017.36304	-66.93643	-3.1315813	6.4976034	75.74755	-26.364105	-466.90506	40.372524	41.07866	5151.4001450538635
188	4656.038	896.3455	5216.0103	3104.2615	2913.4656	1643.7152	5382.0796	933.67664	899.25	541.0	751999	467.10315	178.14189	926.1979	-95.8313	467.10165	178.14409	1043.6747	-143.07051	-3.224191	6.4834776	57.710938	-21.870995	-468.47388	40.124516	40.43454	5181.016087770462
189	5155.1084	23.304905	5194.1826	5135.187	5290.83	4.437282	5298.032	5284.263	1000.0	1000.0	755999	467.46765	178.43233	855.10724	-97.26304	467.46744	178.42874	841.81177	-86.02382	-3.2223523	6.4222255	61.99784	-20.39112	-468.84482	38.719307	38.989624	5216.415957450867
190	5139.578	15.295307	5161.2812	5119.406	5285.6255	5.4790792	5293.7886	5276.638	1000.0	1000.0	759999	469.58365	177.28644	740.87024	-66.25837	469.5834	177.28427	680.2372	-52.08076	-3.38346	6.3352237	70.14683	-21.848145	-470.93912	39.067055	39.4766	5250.410885334015
191	5152.0166	23.839464	5183.1562	5124.2954	4178.417	1348.3431	5355.909	1731.8167	1000.0	780.1	763999	469.3418	177.72864	600.56274	-40.451027	469.33884	177.7333	667.1188	-53.265953	-3.3124223	6.3626127	68.52117	-21.69857	-470.67825	39.064377	39.1747	5282.351481676102
192	5114.414	13.667214	5127.8384	5091.6787	5248.7603	2.1718473	5252.29	5244.947	1000.0	1000.0	767999	470.1186	177.46419	607.9454	-55.92393	470.11783	177.46312	613.73645	-50.320953	-3.223716	6.384386	63.10708	-22.999678	-471.43982	39.370102	39.714836	5316.576802015305
193	4302.6006	1681.8724	5173.202	939.03033	5273.2305	136.26048	5344.5435	4910.437	837.6	988.8	771999	470.96652	177.09663	605.2732	-84.41732	470.96585	177.09619	603.41016	-36.197548	-3.2785172	6.4008737	59.779083	-21.440804	-472.29456	38.457798	38.637993	5350.480841398239
194	4741.7075	672.6449	5193.393	3579.227	5319.259	30.697163	5355.242	5239.272	926.0	1000.0	775999	471.85526	177.1372	612.65344	-35.094505	471.854	177.1383	602.5236	-47.521515	-3.3453279	6.4491987	53.185688	-20.407078	-473.21136	38.33356	38.867172	5384.268525123596
195	5117.0063	33.975834	5144.697	5059.717	5224.757	4.724842	5230.874	5215.02	1000.0	1000.0	779999	472.72684	177.3632	604.2051	-48.00125	472.7248	177.36499	608.433	-44.59449	-3.2467816	6.485515	66.68623	-22.342358	-474.09885	38.00914	38.162334	5418.540678501129
196	4980.823	215.14218	5144.5376	4611.265	5080.759	562.21643	5282.701	3394.4778	970.5	964.1	783999	473.71835	177.03296	607.6866	-57.263023	473.71796	177.03394	604.5007	-63.380486	-3.1465178	6.467334	63.83314	-22.61555	-475.10144	37.169327	37.66477	5452.023685455322
197	4409.87	1363.0524	5141.8447	1684.7195	4664.2686	1035.4534	5365.394	2710.036	865.4	875.8	787999	474.47464	177.36148	606.95514	-59.683693	474.47327	177.36546	606.7926	-56.93813	-3.372515	6.44004	60.77721	-21.620138	-475.82263	37.6295	37.87854	5484.439481496811
198	4745.251	685.98987	5157.4253	3557.2285	5007.741	575.3355	5305.5825	3811.2974	926.5	945.0	791999	475.55237	177.1092	612.7943	-34.589577	475.54883	177.11496	625.0256	-46.719948	-3.4966757	6.442735	47.70479	-20.865112	-476.9133	38.199036	38.417408	5517.647572278976
199	5141.3633	45.6961	5185.1694	5067.4663	4919.9653	716.9027	5281.8174	3188.8418	1000.0	932.7	795999	475.24045	177.16553	605.654	-35.255596	475.2369	177.17438	606.1555	-40.728302	-3.6364932	6.492679	71.23287	-20.856869	-476.58713	37.57311	37.637196	5550.650473356247
200	5132.2397	19.834383	5165.077	5115.6816	5223.5483	6.1993313	5232.982	5213.9062	1000.0	1000.0	799999	476.67947	176.4475	620.91205	-38.319218	476.67676	176.45375	608.4068	-38.72539	-3.474196	6.4817085	58.067196	-21.569729	-478.04324	36.582706	36.90013	5584.418202161789
