Epoch	AverageEpRet	StdEpRet	MaxEpRet	MinEpRet	AverageTestEpRet	StdTestEpRet	MaxTestEpRet	MinTestEpRet	EpLen	TestEpLen	TotalEnvInteracts	AverageQVals	StdQVals	MaxQVals	MinQVals	LossPi	LossQ	Time
1	3.7584214	7.4050045	11.789266	-8.248243	33.79463	1.1184318	35.995358	31.913002	1000.0	1000.0	3999	8.382742	7.2219367	48.536777	-2.3168616	-9.870714	0.09399423	11.379524230957031
2	3.5712948	8.710941	14.072166	-7.9322968	14.101494	4.3439636	20.969788	5.7228155	1000.0	1000.0	7999	37.940765	13.034946	85.4591	9.862806	-39.851093	0.26059547	25.325767040252686
3	8.359046	12.973906	30.771923	-0.4258149	27.223923	1.2217367	29.246454	25.343603	1000.0	1000.0	11999	69.27589	20.161875	143.61168	21.601456	-71.746864	0.33182806	39.334691762924194
4	26.552101	9.407231	39.267746	13.1048565	30.118282	3.4458468	34.660656	20.907812	1000.0	1000.0	15999	102.36509	21.701307	162.46324	38.39253	-103.992004	0.40876648	54.266966819763184
5	22.651548	23.381691	59.988914	-3.7407546	-2.918887	1.3241508	-1.2283759	-5.5132236	1000.0	1000.0	19999	109.74645	17.761017	170.09299	47.035778	-110.76526	0.29484493	69.31975865364075
6	3.2625232	20.411934	23.37327	-26.414248	24.527323	1.5308727	26.896032	21.229532	1000.0	1000.0	23999	114.24092	22.472239	259.74832	53.229362	-115.25546	0.3514594	83.96378684043884
7	20.30393	6.831444	29.100235	10.648325	22.066372	1.749977	24.122833	18.732052	1000.0	1000.0	27999	114.92742	28.618301	249.1091	55.97614	-115.5731	0.25680667	98.45334386825562
8	5.526371	5.6949134	10.651911	-3.88071	13.427989	0.95759165	14.524148	11.538175	1000.0	1000.0	31999	107.83068	25.654419	221.33148	58.87464	-108.31894	0.20296939	112.70046973228455
9	8.817398	3.519866	12.308976	3.9982243	-9.780519	4.1195455	-2.4659374	-15.530488	1000.0	1000.0	35999	100.76412	22.453754	183.9709	60.434868	-101.22274	0.18332943	127.2584958076477
10	4.0364943	4.4702983	9.923292	-1.8931019	25.108433	9.764625	38.51868	15.16923	1000.0	1000.0	39999	92.73036	18.68553	159.03032	51.988663	-93.12115	0.14659457	142.00210738182068
11	37.62835	10.9117565	50.95812	21.80002	45.414192	0.5593671	46.614624	44.766228	1000.0	1000.0	43999	83.1746	14.7948675	138.3409	49.793446	-83.50337	0.10908805	157.14393973350525
12	42.568264	5.5841804	50.244934	36.931095	33.378838	2.527135	36.859406	29.147284	1000.0	1000.0	47999	72.89888	12.850667	125.74955	46.86823	-73.18601	0.07958188	171.4600691795349
13	23.969769	8.537123	34.276127	10.840515	41.73399	1.6814674	43.6012	39.0345	1000.0	1000.0	51999	65.1448	12.143643	113.45088	43.11246	-65.43129	0.06806161	185.2503216266632
14	35.05332	4.2214274	42.137314	31.83784	47.420673	20.88998	69.1336	24.89603	1000.0	1000.0	55999	57.42478	11.3291	99.35934	37.331017	-57.63147	0.06319438	200.0492763519287
15	16.259329	5.794406	19.999022	6.2368226	29.44751	1.6288793	31.828527	26.282589	1000.0	1000.0	59999	50.686665	10.987129	89.07166	31.681673	-50.902027	0.052713517	215.54145216941833
16	27.291466	4.6016083	32.154106	21.569807	21.844114	11.680786	46.157104	10.486655	1000.0	1000.0	63999	45.57956	11.136014	80.27428	26.602516	-45.764683	0.048744682	230.66169667243958
17	29.174953	5.4444666	36.01242	21.19331	38.173912	1.5691756	39.982113	35.563206	1000.0	1000.0	67999	40.451965	10.758721	75.34347	22.840073	-40.609745	0.044675477	245.620014667511
18	33.299515	4.5528536	37.963356	28.566391	37.654995	0.46776265	38.539288	36.888836	1000.0	1000.0	71999	35.92141	10.784083	73.17712	19.617012	-36.07553	0.040066805	260.2152988910675
19	33.852158	5.7597136	41.545475	26.131191	41.553616	1.056012	43.17981	40.312355	1000.0	1000.0	75999	31.56298	10.285262	68.48623	16.831608	-31.693188	0.034139503	274.77730679512024
20	36.108494	34.755444	85.43838	-12.812051	87.57301	43.93024	128.50015	31.047	1000.0	1000.0	79999	28.9376	9.789423	75.40904	14.601636	-29.214825	0.057099067	289.5029733181
21	39.156754	26.309418	82.935165	12.638047	26.556921	0.32819206	27.224802	26.237268	1000.0	1000.0	83999	27.426533	9.919248	85.89299	12.639997	-27.469046	0.06471411	304.4000539779663
22	32.231556	2.775429	36.068565	28.969584	35.98406	3.1462579	40.817448	29.7162	1000.0	1000.0	87999	24.51265	10.070377	67.58844	2.6590905	-24.660471	0.051175117	318.8801827430725
23	30.158627	3.1766179	34.845474	25.912464	26.247915	1.3367734	28.146847	23.075907	1000.0	1000.0	91999	22.510445	10.023864	52.72977	0.91847694	-22.642015	0.042329766	333.45772790908813
24	32.02589	3.526269	36.677197	27.29188	38.105415	1.2270805	39.74	35.55809	1000.0	1000.0	95999	20.550581	9.874817	53.703434	-1.9711658	-20.672422	0.03960795	347.8184323310852
25	39.385418	1.0870026	40.583427	37.810562	36.87673	1.6997576	39.59704	34.551163	1000.0	1000.0	99999	18.817144	9.794399	52.46437	0.21531016	-18.933037	0.033622593	362.51422476768494
26	49.692482	11.639023	69.117805	40.612553	36.508373	2.5134478	40.660446	30.31156	1000.0	1000.0	103999	17.24524	9.867422	50.866932	-4.551273	-17.358261	0.029501665	376.92939472198486
27	45.462593	8.5619335	58.24953	34.189266	41.19995	0.7452632	42.240105	39.543655	1000.0	1000.0	107999	16.197166	9.853636	50.67659	-3.6175005	-16.329088	0.027760575	391.43902111053467
28	46.343307	5.138606	54.43191	40.94169	46.362766	2.3647974	50.815174	43.285988	1000.0	1000.0	111999	15.491347	9.76908	49.667706	-5.1222067	-15.608216	0.026092088	405.9679822921753
29	42.511436	3.4351614	45.563023	37.161263	40.889973	1.2817819	42.13098	37.288868	1000.0	1000.0	115999	14.554545	9.879415	49.00257	-9.231787	-14.655873	0.026345039	421.072913646698
30	44.38234	1.2507342	45.429344	42.245327	38.194107	0.7200587	39.562073	36.811802	1000.0	1000.0	119999	13.639608	9.908774	48.488544	-12.975022	-13.737899	0.024218349	435.99954771995544
31	38.817616	2.8452613	43.62006	36.273853	42.261677	1.1195886	43.94515	40.71741	1000.0	1000.0	123999	12.947315	9.846208	47.17007	-14.070028	-13.0467205	0.023819668	451.16335821151733
32	41.509605	3.033161	46.11702	38.673885	40.07514	1.8883077	43.833534	38.260887	1000.0	1000.0	127999	12.315594	9.857925	46.930126	-13.741787	-12.409286	0.022763904	465.8594238758087
33	44.30512	2.7971103	47.057266	40.35185	43.30738	0.6025155	44.115677	42.196514	1000.0	1000.0	131999	11.77053	9.828369	46.06964	-12.523342	-11.874634	0.022977777	480.6385107040405
34	40.85698	5.7498302	49.76174	33.88241	40.485893	3.274973	49.26198	37.33693	1000.0	1000.0	135999	11.648408	9.610553	45.886986	-17.27686	-11.754709	0.022076134	494.88360953330994
35	40.054234	2.31249	43.94455	38.072945	39.82203	5.3472495	46.47001	31.448288	1000.0	1000.0	139999	11.304068	9.634249	46.337566	-15.660536	-11.392769	0.021757865	509.603506565094
36	39.72058	0.9933306	40.72378	38.34122	43.34685	2.9145644	46.53588	37.355183	1000.0	1000.0	143999	10.860747	9.701477	46.583103	-16.953634	-10.952626	0.023016304	524.3518898487091
37	45.49958	0.5627238	46.24944	44.662663	44.996742	1.16694	46.63177	43.60107	1000.0	1000.0	147999	10.556453	9.652262	46.878784	-16.647074	-10.642916	0.02239777	538.6934282779694
38	45.457245	18.034935	61.802097	16.783035	48.4039	1.0722873	50.058285	46.950855	1000.0	1000.0	151999	10.404683	9.454935	45.664307	-16.922432	-10.505678	0.02183924	553.3516829013824
39	41.73271	1.4971313	43.855305	39.785892	48.055656	3.0649464	50.684273	41.895157	1000.0	1000.0	155999	10.237698	9.377521	45.13873	-17.41434	-10.321192	0.02038718	567.8429555892944
40	46.681187	4.7073817	53.59013	40.761555	49.994164	6.4977093	57.47693	42.02886	1000.0	1000.0	159999	9.898124	9.377669	44.813873	-17.8926	-9.978377	0.021962417	582.2362797260284
41	47.147274	1.6988732	48.951412	44.354424	52.748585	1.7157073	56.582592	50.90388	1000.0	1000.0	163999	9.561967	9.378096	44.055073	-20.56744	-9.635472	0.021046039	596.863737821579
42	50.69915	6.2896147	56.142647	40.791862	47.79389	3.8298464	53.724274	42.53632	1000.0	1000.0	167999	9.287206	9.362339	44.98392	-20.389402	-9.3625765	0.021901134	611.5622868537903
43	47.406715	3.9517174	51.576878	41.8688	44.90784	1.692428	49.66002	43.50636	1000.0	1000.0	171999	8.931541	9.223739	45.029003	-23.51425	-8.999866	0.021877749	626.374431848526
44	46.804005	4.875778	53.69051	41.80275	55.69475	4.0936127	58.22055	43.569134	1000.0	1000.0	175999	8.7256155	9.050357	45.969376	-22.722801	-8.7965	0.02180645	641.4309546947479
45	49.43453	7.6334825	62.2603	43.36421	48.773853	2.065831	52.043716	46.00976	1000.0	1000.0	179999	8.400264	9.04675	45.392193	-27.370941	-8.459054	0.02269355	655.8808882236481
46	44.750187	5.398107	51.48741	37.024307	45.469475	3.2852616	51.397976	42.358643	1000.0	1000.0	183999	8.103369	9.005102	45.502483	-22.420536	-8.1674595	0.020949906	670.0629396438599
47	51.77406	3.1183445	56.38622	48.038696	50.6193	2.4401379	55.23974	46.291924	1000.0	1000.0	187999	8.111351	8.96206	45.19991	-20.805712	-8.193067	0.022751274	684.4332361221313
48	51.59457	2.0661669	54.740505	49.057285	51.39444	3.3372574	53.92466	42.085148	1000.0	1000.0	191999	8.125588	8.913943	45.205452	-18.746778	-8.198149	0.023186833	698.5469920635223
49	52.143257	3.15153	56.11605	47.37599	44.665657	15.865145	52.91986	-2.6545033	1000.0	1000.0	195999	8.082787	8.967537	44.926735	-19.240898	-8.159046	0.02190303	713.4580688476562
50	51.15217	3.7875798	54.825146	44.855717	61.361816	3.0591521	65.45617	56.382706	1000.0	1000.0	199999	8.305294	9.057447	45.39272	-14.850665	-8.3889065	0.020338291	728.186868429184
51	53.789482	5.8662405	62.729984	48.142754	54.508137	4.724092	63.320847	48.480076	1000.0	1000.0	203999	8.240034	9.095183	45.547386	-16.30194	-8.3070545	0.020037849	743.2867369651794
52	49.418915	2.341675	52.793106	46.17244	48.70814	2.155446	52.55096	44.348385	1000.0	1000.0	207999	8.190712	9.044935	46.216335	-17.023008	-8.264508	0.019829929	758.1694328784943
53	47.311455	3.0518253	52.502357	44.64668	45.477848	3.0294237	51.576035	42.52903	1000.0	1000.0	211999	8.174629	9.005355	46.625805	-14.399595	-8.243468	0.01882941	772.971593618393
54	56.361366	8.199106	68.62011	46.25192	54.418633	2.8628545	60.16924	50.78783	1000.0	1000.0	215999	8.070724	9.030886	46.778965	-16.276852	-8.140324	0.018066077	787.4611711502075
55	60.257378	1.3601598	62.501038	59.13379	41.380146	2.2148666	44.042442	37.626644	1000.0	1000.0	219999	8.029058	8.983349	47.030857	-20.270494	-8.094779	0.018265793	802.3006575107574
56	59.108192	17.751041	77.4892	38.475666	54.01045	7.2114882	63.98842	44.837654	1000.0	1000.0	223999	7.942919	9.018678	44.53462	-23.129557	-8.008729	0.019487692	817.164116859436
57	52.025166	4.4712453	58.23241	46.131668	51.00274	2.5376391	54.067368	46.038963	1000.0	1000.0	227999	7.9166474	9.063644	44.981583	-27.00764	-7.97974	0.019492213	831.6752507686615
58	67.601845	16.197233	81.165306	41.013268	67.03777	7.3769207	76.28128	52.032177	1000.0	1000.0	231999	7.7643976	8.926844	45.609356	-25.306698	-7.825937	0.018343026	845.878014087677
59	65.905106	5.806206	74.72669	60.556396	65.78621	5.715081	74.40937	56.68256	1000.0	1000.0	235999	7.7677093	8.833123	45.104126	-25.615232	-7.8395495	0.018011026	860.4637093544006
60	66.371315	4.901874	70.924866	58.428345	82.16758	2.4585571	84.674866	75.80522	1000.0	1000.0	239999	7.897534	8.64425	45.907875	-24.615473	-7.968464	0.018140491	875.2032980918884
61	72.67387	5.209603	79.69069	64.993904	81.56839	6.5654297	89.97409	68.74523	1000.0	1000.0	243999	7.9246044	8.606771	44.844177	-24.33158	-7.9904222	0.017166272	890.2028796672821
62	69.10654	6.4722676	77.02931	60.407566	61.722095	4.57702	68.739365	54.810955	1000.0	1000.0	247999	7.94209	8.673374	46.114273	-20.988728	-8.008608	0.018326974	905.1807487010956
63	58.579937	7.4112787	64.366486	45.84792	58.039684	5.259875	61.84775	43.3446	1000.0	1000.0	251999	7.887065	8.618181	46.38139	-23.245996	-7.9489937	0.019590294	920.6123859882355
64	66.607834	13.212112	85.21925	53.14048	44.167336	3.6187708	54.206314	40.813007	1000.0	1000.0	255999	7.819928	8.57017	46.33625	-22.712439	-7.87916	0.018809576	936.0330069065094
65	58.476463	7.162258	67.71742	47.597958	59.59498	17.70328	76.71419	26.042416	1000.0	1000.0	259999	7.6285787	8.491564	46.898445	-27.042622	-7.6780715	0.018612294	951.161563873291
66	64.97685	3.0599747	68.27743	59.99751	56.852367	5.0955524	61.75366	42.589214	1000.0	1000.0	263999	7.4580827	8.471625	45.18373	-30.527966	-7.5114255	0.018662417	966.5202775001526
67	70.053604	3.6956017	76.00535	66.36987	56.147278	5.431959	62.61018	46.669006	1000.0	1000.0	267999	7.350335	8.396001	45.174156	-32.06138	-7.4061017	0.018278502	981.8526754379272
68	70.78986	6.473459	78.389854	62.92153	81.49796	4.4208183	88.060036	74.55844	1000.0	1000.0	271999	7.351328	8.397565	46.780987	-32.34398	-7.407138	0.017501585	996.942018032074
69	69.57242	9.172792	76.932846	53.970043	70.33473	5.0590863	78.13281	62.72823	1000.0	1000.0	275999	7.2969036	8.278144	46.336655	-32.89096	-7.354571	0.016949777	1012.2909939289093
70	81.177536	2.4928575	84.61721	78.27186	75.885544	6.592687	85.437675	66.64678	1000.0	1000.0	279999	7.3511076	8.240449	45.676327	-24.730705	-7.411924	0.018782958	1027.2565066814423
71	74.5944	5.0796576	82.50937	68.34165	68.74853	3.139431	74.32501	64.151985	1000.0	1000.0	283999	7.3610106	8.206595	46.186264	-29.475164	-7.412915	0.017746173	1042.1359887123108
72	74.941185	20.467653	92.73684	40.391094	68.60655	3.8575017	74.014336	61.43975	1000.0	1000.0	287999	7.2635074	8.170924	47.108772	-30.815046	-7.3184924	0.016913738	1056.9305257797241
73	75.57908	12.138428	89.87529	60.738396	45.136932	8.6025	70.86469	41.31619	1000.0	1000.0	291999	7.365076	8.106448	45.37599	-30.11269	-7.425958	0.017249567	1072.0791337490082
74	72.291595	7.6228023	79.515945	59.488827	85.163185	12.268247	91.22208	48.572304	1000.0	1000.0	295999	7.30304	8.097985	45.829338	-33.601986	-7.352389	0.016908836	1087.1251945495605
75	82.16898	4.4630194	86.723076	75.12608	62.762676	9.013263	69.95999	38.424046	1000.0	1000.0	299999	7.297453	8.10763	46.252586	-31.014986	-7.354904	0.01695064	1102.288409948349
76	76.66509	2.3081923	80.38331	74.05785	65.655396	1.8501443	68.07777	62.405746	1000.0	1000.0	303999	7.3286967	8.085424	46.765675	-32.374786	-7.3855	0.017987495	1117.268182516098
77	78.31969	7.8589087	91.3007	70.19903	71.92727	5.0000525	79.62477	62.4914	1000.0	1000.0	307999	7.37143	8.074957	46.840298	-21.970207	-7.4277325	0.016814545	1132.3100962638855
78	83.0296	11.243911	99.80601	70.09521	64.708694	26.780306	111.58936	45.222584	1000.0	1000.0	311999	7.483708	7.993753	46.07936	-13.948377	-7.544875	0.015370119	1147.0607421398163
79	89.13269	12.355227	109.18223	77.194305	35.761757	0.94709563	37.214554	34.137516	1000.0	1000.0	315999	7.5039687	7.9422426	45.53046	-19.59801	-7.553256	0.015677614	1161.9736745357513
80	90.118256	6.1007023	97.695435	82.36141	52.007202	16.065804	74.541534	37.56639	1000.0	1000.0	319999	7.471538	7.8598866	45.664288	-26.204165	-7.5289793	0.015523575	1177.2201716899872
81	73.88745	23.529055	101.87754	38.06215	42.62783	1.4200314	44.950703	40.0662	1000.0	1000.0	323999	7.69713	7.8589954	46.33603	-24.505463	-7.770725	0.016136082	1192.6417922973633
82	75.9866	19.71533	92.96547	42.452778	89.679596	4.794972	94.23731	77.48589	1000.0	1000.0	327999	7.8249	7.91336	46.36844	-22.018509	-7.8784876	0.015397649	1207.9070258140564
83	80.840576	6.590026	88.04907	72.79364	52.114086	4.0443234	63.93162	48.870346	1000.0	1000.0	331999	7.75948	7.974928	46.88702	-19.54505	-7.810593	0.015035206	1223.2207973003387
84	82.778114	8.782537	94.290764	72.08985	65.59337	16.712437	85.93582	41.69107	1000.0	1000.0	335999	7.6962934	7.9569182	46.818333	-20.163797	-7.748752	0.015713612	1238.025503873825
85	69.46748	5.7146173	78.33775	62.58644	67.33862	10.431585	82.47207	48.992188	1000.0	1000.0	339999	7.688992	7.9383435	46.091705	-23.632767	-7.7406087	0.016111068	1253.0333261489868
86	75.43385	12.403897	88.199554	56.06943	85.037735	11.438894	102.63687	70.5493	1000.0	1000.0	343999	7.641815	7.9385953	46.79478	-24.072605	-7.6934004	0.016471324	1268.313643693924
87	81.05678	5.808361	89.50346	74.82444	77.245926	7.2021585	87.35521	64.38508	1000.0	1000.0	347999	7.5944633	7.9513187	46.90716	-29.628704	-7.6450324	0.015825955	1283.510104417801
88	98.29907	13.531096	118.010086	80.95157	86.50235	4.8825955	98.86768	81.78572	1000.0	1000.0	351999	7.6421623	7.921144	47.267303	-27.943928	-7.69531	0.015453522	1298.739675283432
89	86.53935	1.7788521	88.167984	83.54249	75.43673	2.7381227	81.21496	71.28534	1000.0	1000.0	355999	7.5979276	7.9073963	47.410664	-31.977448	-7.6476316	0.016242886	1313.8155755996704
90	93.82913	9.515763	108.84518	83.882	137.10127	8.482746	148.0948	115.83457	1000.0	1000.0	359999	7.616291	7.971619	48.003933	-37.82718	-7.6720204	0.0178607	1328.852963924408
91	85.84444	12.965597	107.91826	74.64391	69.05241	8.370102	79.27964	53.259888	1000.0	1000.0	363999	7.676771	7.855565	46.713863	-39.691624	-7.7256465	0.01609879	1344.5998640060425
92	88.04288	10.095608	96.77228	71.41379	98.56492	6.8353696	106.84839	85.901726	1000.0	1000.0	367999	7.662298	7.861048	46.724247	-20.601492	-7.712692	0.015294796	1359.2628223896027
93	103.629074	8.338724	113.489075	93.174614	73.09384	4.309245	79.53926	62.948257	1000.0	1000.0	371999	7.6405025	7.8644276	47.99818	-25.955236	-7.690192	0.016319664	1374.4166169166565
94	106.33679	8.512188	120.47846	98.8809	45.450928	8.507918	70.76918	41.043293	1000.0	1000.0	375999	7.727347	7.820602	48.130188	-22.998152	-7.788384	0.016761368	1389.3978433609009
95	83.549324	13.3019705	103.018524	66.20511	48.30636	4.261533	54.255363	43.212246	1000.0	1000.0	379999	7.909058	7.7691555	48.01382	-20.161789	-7.968065	0.017482426	1404.7585661411285
96	75.028854	18.672857	93.13762	47.046024	101.07207	12.990629	121.17183	81.63517	1000.0	1000.0	383999	8.179505	7.6015005	48.11844	-23.690544	-8.252885	0.02004345	1419.566871881485
97	97.66551	11.190255	109.11144	81.81528	101.69977	7.4521513	111.19928	88.36045	1000.0	1000.0	387999	8.3415165	7.599165	48.432648	-26.203285	-8.393583	0.017840005	1434.3022425174713
98	102.53302	8.141339	110.94409	90.31337	122.67735	8.786484	127.816864	96.77062	1000.0	1000.0	391999	8.303351	7.591486	48.293602	-25.396158	-8.355254	0.01726544	1449.1831269264221
99	125.27203	3.7433577	128.7031	118.951645	132.49414	8.7261915	142.82162	112.7317	1000.0	1000.0	395999	8.313221	7.6133695	47.896065	-28.124336	-8.368119	0.015703738	1463.9993708133698
100	119.72169	2.9355533	122.469666	114.77719	124.37578	3.5240588	129.11943	117.51104	1000.0	1000.0	399999	8.400618	7.6089725	48.067207	-29.269493	-8.452887	0.016112313	1479.364272594452
101	105.97247	13.049951	120.49497	92.492676	118.72087	5.4187317	128.10922	110.91406	1000.0	1000.0	403999	8.285583	7.607606	47.90318	-30.232264	-8.332757	0.01563979	1494.5504157543182
102	125.435135	5.358685	131.99608	119.9274	124.02468	7.2027555	131.7804	110.10573	1000.0	1000.0	407999	8.377741	7.605207	48.251526	-31.940294	-8.44256	0.015873687	1509.9202888011932
103	94.47658	6.241988	103.65842	86.15071	131.81943	4.336698	137.60187	124.12835	1000.0	1000.0	411999	8.49975	7.5382257	48.247517	-30.644598	-8.552441	0.016263912	1525.1033837795258
104	112.16746	22.879396	143.57666	88.64649	92.605934	4.4921155	100.60829	84.35614	1000.0	1000.0	415999	8.59333	7.590213	48.40067	-31.890463	-8.651376	0.01611391	1540.6596167087555
105	113.8103	16.68446	138.81598	93.17241	136.96161	2.9766986	143.36455	133.57173	1000.0	1000.0	419999	8.630562	7.591415	49.02533	-35.490734	-8.690088	0.01674955	1555.6225142478943
106	129.9585	5.41116	137.67873	123.420006	121.89421	7.1399126	127.47298	101.89751	1000.0	1000.0	423999	8.798033	7.5661197	49.322502	-35.948097	-8.857077	0.016042376	1570.8992400169373
107	123.78804	8.887052	136.56117	111.54385	130.58762	4.0840683	135.07076	120.43365	1000.0	1000.0	427999	8.82429	7.5616107	49.047977	-37.24614	-8.878228	0.016395256	1585.7633316516876
108	123.420685	6.2667956	133.76312	117.04011	120.95526	3.7105896	128.36372	114.47169	1000.0	1000.0	431999	8.979248	7.5856175	48.607452	-32.527843	-9.042863	0.016071737	1601.4533016681671
109	128.07959	5.88584	135.29312	118.88388	126.87923	3.5632331	131.03262	117.514114	1000.0	1000.0	435999	9.168105	7.5228763	49.060608	-23.039246	-9.231826	0.015706344	1617.2230801582336
110	127.42421	2.7113495	131.32626	124.648865	139.67683	1.5019447	142.77412	137.32341	1000.0	1000.0	439999	9.285451	7.5285063	48.914467	-15.272358	-9.346775	0.015660783	1633.8949484825134
111	125.15805	5.462177	132.06625	116.76133	127.337906	2.6963077	131.92668	123.205444	1000.0	1000.0	443999	9.430507	7.473504	49.153072	-17.955875	-9.492553	0.015659224	1650.4708452224731
112	127.23944	1.5462528	128.75856	124.773346	130.41942	2.1395144	133.9076	126.2948	1000.0	1000.0	447999	9.481729	7.5161552	48.4223	-19.016996	-9.5403385	0.01550363	1666.577469587326
113	128.77332	5.0136056	135.51315	121.631874	121.901955	6.163413	129.76776	109.80849	1000.0	1000.0	451999	9.558802	7.5063996	49.391937	-14.742121	-9.619402	0.0151320575	1682.0578172206879
114	119.84804	9.300953	130.02872	106.32275	120.37224	3.4349802	126.85262	115.64717	1000.0	1000.0	455999	9.634622	7.5088224	49.36068	-15.062146	-9.696315	0.014775112	1698.2906527519226
115	122.57845	7.6103096	134.52078	113.338165	116.07649	6.2524343	121.5253	98.832146	1000.0	1000.0	459999	9.761407	7.500225	49.736805	-15.446206	-9.821983	0.014413157	1713.9347596168518
116	121.35231	9.698168	135.2115	112.15637	107.9917	3.2727897	113.677536	103.0547	1000.0	1000.0	463999	9.780812	7.5277514	50.13383	-16.345707	-9.840803	0.014917148	1729.7317838668823
117	126.4756	3.9785292	131.802	121.694145	116.33885	2.4639926	119.39344	111.260445	1000.0	1000.0	467999	9.846082	7.447654	50.68259	-22.547573	-9.905361	0.014988916	1745.3934094905853
118	124.802765	5.604839	131.88881	118.24097	111.06819	4.4350514	117.70889	100.45327	1000.0	1000.0	471999	9.948958	7.4243836	49.718708	-26.900782	-10.017451	0.014209944	1760.9893095493317
119	126.39018	4.0763125	131.40428	120.57406	116.47844	3.2282844	120.55237	109.49205	1000.0	1000.0	475999	10.127944	7.3737626	49.907497	-32.076954	-10.190892	0.015326791	1776.6216294765472
120	121.65978	6.439567	131.51395	115.72192	125.21439	3.287024	130.5073	119.606346	1000.0	1000.0	479999	10.182405	7.3830914	50.77799	-25.740856	-10.244484	0.01510087	1792.4286296367645
121	128.48949	4.948898	135.17781	122.17873	121.198715	2.8796778	125.59113	115.71304	1000.0	1000.0	483999	10.268657	7.413713	50.10444	-27.101334	-10.33186	0.015065792	1808.1706528663635
122	123.25981	1.7391566	126.00929	121.544304	134.04471	2.8505604	138.39052	127.235725	1000.0	1000.0	487999	10.311991	7.3996806	49.893055	-31.619246	-10.373528	0.014413064	1823.675499677658
123	126.35274	9.150228	138.36215	113.893936	108.79976	2.1152685	111.29347	103.78531	1000.0	1000.0	491999	10.499623	7.31578	50.19969	-27.14172	-10.5708065	0.014414921	1839.4656176567078
124	122.93021	6.1322327	131.8317	114.65384	129.93712	7.8150163	139.22478	118.23743	1000.0	1000.0	495999	10.586996	7.272638	51.38098	-27.835722	-10.653777	0.013577411	1854.8122029304504
125	117.1069	6.5871453	127.51571	109.39845	115.46226	2.9492548	119.4952	110.42584	1000.0	1000.0	499999	10.631099	7.2622833	50.708755	-23.715382	-10.691672	0.014154677	1869.519769191742
126	126.28282	7.762817	136.30724	116.292854	122.21594	2.6876862	124.86967	115.784	1000.0	1000.0	503999	10.648446	7.284421	50.20021	-27.535921	-10.711313	0.014008747	1884.3435380458832
127	124.88354	6.010454	131.6772	116.372604	128.31937	3.2753863	132.30783	121.84237	1000.0	1000.0	507999	10.682018	7.242193	50.892273	-28.256886	-10.742592	0.013638617	1899.082246541977
128	124.84579	2.1313975	127.590324	121.92913	115.65834	2.9703681	118.888435	110.573494	1000.0	1000.0	511999	10.667545	7.3239202	51.46684	-24.061056	-10.72632	0.013612496	1913.9194638729095
129	134.07825	5.975842	138.3049	123.76444	129.58145	3.4009838	133.97774	123.13608	1000.0	1000.0	515999	10.65736	7.3639846	51.296066	-27.91957	-10.718895	0.014152326	1928.7233436107635
130	121.82395	7.415769	130.4617	110.401146	135.01155	2.327494	137.77336	130.91861	1000.0	1000.0	519999	10.7225685	7.2782555	51.060345	-27.37902	-10.785903	0.01414439	1943.52059340477
131	134.59073	1.3135675	136.52425	133.22394	126.277504	5.4431973	130.6333	111.511055	1000.0	1000.0	523999	10.755871	7.3094234	50.823475	-18.992031	-10.8129635	0.0139219295	1958.1795644760132
132	130.01855	5.69264	136.19495	124.29629	122.95095	2.8983912	127.41249	117.88758	1000.0	1000.0	527999	10.717516	7.314639	50.171806	-23.335058	-10.776389	0.013400078	1973.1282634735107
133	130.55286	7.134075	140.23625	122.310265	120.48611	2.0761046	124.0849	116.5643	1000.0	1000.0	531999	10.754171	7.359752	50.65484	-29.073984	-10.812856	0.013728407	1987.9990837574005
134	124.785385	6.4208	132.15552	115.5899	130.42856	3.7876935	134.57343	119.86379	1000.0	1000.0	535999	10.697711	7.36036	50.850914	-29.87687	-10.753753	0.0135673	2002.9926238059998
135	132.4901	5.0544333	138.16469	124.40282	132.57315	2.7663274	136.27284	127.05099	1000.0	1000.0	539999	10.738214	7.344356	51.647804	-25.610102	-10.798433	0.013296797	2017.8090198040009
136	138.81769	4.2721224	144.54718	134.05362	132.88768	2.4510984	136.78749	126.95975	1000.0	1000.0	543999	10.712325	7.287663	50.43437	-20.047537	-10.767788	0.012619594	2032.8979606628418
137	127.31122	5.9774127	134.81767	121.16766	129.80101	4.1151776	134.99367	120.35669	1000.0	1000.0	547999	10.668185	7.3631654	50.096214	-24.867962	-10.719522	0.012909119	2047.7345116138458
138	138.59203	3.1599464	142.76692	135.3166	135.14478	6.0278773	142.6023	120.3024	1000.0	1000.0	551999	10.696168	7.4430103	51.053524	-25.789434	-10.757192	0.013793644	2062.6250517368317
139	127.8867	3.2758768	131.35387	122.67159	127.431335	5.996719	131.82796	110.95612	1000.0	1000.0	555999	10.594993	7.587734	51.6308	-27.565256	-10.638167	0.017893285	2077.5843720436096
140	124.27428	5.430782	131.4344	116.57668	132.74303	2.4436147	137.3091	128.86937	1000.0	1000.0	559999	10.537328	7.6089625	51.76656	-29.929588	-10.596632	0.014971661	2092.3876197338104
141	129.52794	3.0151732	132.14511	124.415634	137.35002	2.9981894	140.45343	129.61488	1000.0	1000.0	563999	10.6205015	7.572357	51.346214	-21.257837	-10.674236	0.014279109	2107.329213619232
142	128.14725	5.0481997	135.44333	121.35586	130.18805	3.5378664	135.18831	123.72821	1000.0	1000.0	567999	10.524045	7.6010876	50.370884	-22.659195	-10.58043	0.013907324	2122.214390516281
143	128.15817	3.5843313	133.4835	124.03402	136.21774	6.1808043	142.83531	119.48261	1000.0	1000.0	571999	10.616692	7.540749	49.852283	-24.776417	-10.671271	0.013450766	2137.1819956302643
144	138.61044	7.4053073	147.20297	128.14403	128.73424	5.757596	137.79478	116.011475	1000.0	1000.0	575999	10.729801	7.505109	49.38437	-28.23411	-10.791226	0.012832849	2152.1531217098236
145	128.25864	2.3784583	131.26004	124.92926	127.39767	1.7083118	131.18231	124.87173	1000.0	1000.0	579999	10.734626	7.4820337	49.759567	-27.919079	-10.786353	0.012578518	2167.555314540863
146	130.29251	3.6136227	136.2602	126.98101	123.30731	2.6632562	128.5437	119.937904	1000.0	1000.0	583999	10.711038	7.474785	49.06799	-25.98992	-10.765579	0.013176885	2183.080377817154
147	127.72914	6.1824822	134.29402	120.00104	137.89262	2.3285534	140.79457	133.53766	1000.0	1000.0	587999	10.7969475	7.48922	50.499363	-20.034582	-10.855303	0.0129555585	2200.243181705475
148	133.5901	1.9185487	135.56924	130.49074	124.11184	1.9441903	128.1473	122.11111	1000.0	1000.0	591999	10.864774	7.465626	50.107258	-17.965809	-10.924236	0.013278788	2216.406099796295
149	127.35622	3.307975	131.44624	122.21804	121.2994	1.8217846	124.78001	119.0065	1000.0	1000.0	595999	10.934282	7.5008073	49.7767	-16.847345	-10.986971	0.012799326	2232.286200761795
150	133.73149	5.368607	140.7162	125.99732	122.61709	1.6677998	125.55747	119.15598	1000.0	1000.0	599999	10.984885	7.515517	50.31758	-20.97357	-11.046907	0.012893366	2248.280170917511
151	122.610214	5.8127604	131.89278	115.99404	126.53076	8.193906	134.6583	111.81997	1000.0	1000.0	603999	11.029209	7.445682	50.331482	-34.68776	-11.082422	0.013226389	2264.6780862808228
152	128.79968	4.6210885	134.53534	123.182	120.29122	2.3327813	123.65626	115.23018	1000.0	1000.0	607999	11.097789	7.3990135	51.442135	-37.263077	-11.157008	0.013666107	2280.9789299964905
153	121.16002	7.3705873	129.08478	112.311935	124.0422	2.1501138	127.14727	118.84358	1000.0	1000.0	611999	11.153234	7.3226695	50.70222	-32.98407	-11.211139	0.012661346	2296.77125954628
154	131.67368	1.0646111	132.65639	129.8759	136.34645	0.84245414	137.76295	135.00119	1000.0	1000.0	615999	11.246697	7.3015885	51.33787	-34.39188	-11.308207	0.012742809	2312.753970384598
155	135.41142	6.249217	144.6321	128.13745	117.30226	1.9210855	122.0479	114.39827	1000.0	1000.0	619999	11.305125	7.313307	51.258305	-43.61691	-11.362442	0.013385172	2328.952497243881
156	119.702065	2.3036726	122.008995	116.207886	118.050705	2.3991246	121.024635	113.43623	1000.0	1000.0	623999	11.302938	7.314572	51.977436	-42.24024	-11.355792	0.012758111	2345.080966949463
157	130.03511	2.7589743	134.52954	127.40119	136.70584	3.3957849	141.78001	128.3394	1000.0	1000.0	627999	11.291432	7.3692207	52.336258	-29.157887	-11.348894	0.013113711	2361.0209414958954
158	132.45786	7.023508	144.37152	126.76142	119.592064	2.0925705	123.11406	115.88313	1000.0	1000.0	631999	11.308201	7.3593106	51.305546	-38.529938	-11.359445	0.012931681	2377.087031841278
159	129.00476	5.13155	135.46774	122.289085	134.73648	1.875048	137.89825	131.46625	1000.0	1000.0	635999	11.211404	7.3254733	50.26569	-32.981705	-11.263974	0.014424699	2393.3663132190704
160	127.14472	7.2042775	132.86676	114.87594	134.03815	2.4207873	137.9371	129.02373	1000.0	1000.0	639999	11.306817	7.2839184	50.65746	-21.830296	-11.365957	0.0129661225	2410.3643414974213
161	129.90616	1.5889285	131.48584	127.50302	129.3174	2.044955	131.95819	125.68329	1000.0	1000.0	643999	11.308979	7.172301	51.156345	-14.85113	-11.361183	0.012616294	2427.371238231659
162	131.5068	3.4627402	133.83348	125.53619	126.538956	1.4197578	128.62569	123.092354	1000.0	1000.0	647999	11.279158	7.23172	51.68761	-24.313337	-11.329291	0.011924193	2443.593419075012
163	130.19699	2.6344435	134.05464	127.053055	127.53499	2.0632176	131.31929	124.93618	1000.0	1000.0	651999	11.196012	7.151931	50.787327	-29.276398	-11.2478075	0.011438572	2459.5187442302704
164	128.4858	1.8273307	131.23358	126.507	136.80243	5.2626667	141.43188	125.64008	1000.0	1000.0	655999	11.18945	7.15139	50.749344	-30.93228	-11.240756	0.011207918	2475.3130056858063
165	135.4273	0.6582352	135.94368	134.30032	133.379	3.9220731	137.5335	124.6641	1000.0	1000.0	659999	11.297379	7.0942407	50.717525	-28.10271	-11.359126	0.010897562	2491.261423110962
166	136.7165	6.367072	144.13179	126.56718	130.69765	5.6482124	138.34598	117.42135	1000.0	1000.0	663999	11.391127	7.007266	51.146854	-22.487257	-11.444981	0.011149315	2507.3183646202087
167	122.87461	6.645128	129.95703	112.06426	135.08932	1.801148	137.04715	131.96198	1000.0	1000.0	667999	11.389781	7.0251565	51.141933	-21.17149	-11.442553	0.010762958	2523.569991827011
168	133.28986	4.5145373	138.88353	126.46337	131.02786	4.192104	139.38043	126.52189	1000.0	1000.0	671999	11.422562	7.0301995	50.639343	-28.628418	-11.4779005	0.012085541	2539.6044323444366
169	135.83762	4.147205	139.71745	128.86188	139.4302	3.8930814	142.32922	128.3074	1000.0	1000.0	675999	11.447686	7.0294867	50.817795	-33.84424	-11.503257	0.012234957	2556.1202352046967
170	134.45056	3.5122535	140.30733	131.12155	150.7513	6.2821717	155.49272	136.16994	1000.0	1000.0	679999	11.518712	6.9604626	50.665154	-12.259537	-11.571898	0.011184299	2572.3406121730804
171	136.87276	4.304336	142.30211	130.82487	138.77762	1.9146152	141.7323	135.58864	1000.0	1000.0	683999	11.429278	7.010835	51.426712	-15.925739	-11.473517	0.011217344	2588.3650035858154
172	134.43274	3.314923	140.151	132.069	130.90987	2.507955	134.69104	127.4264	1000.0	1000.0	687999	11.303585	7.1028767	51.73306	-22.241774	-11.352945	0.010758611	2604.5769085884094
173	136.52213	6.8369236	143.84933	125.35813	144.92523	1.6582463	147.31424	141.85661	1000.0	1000.0	691999	11.356161	7.130092	51.453346	-22.255585	-11.410779	0.010759816	2620.6690962314606
174	137.55565	2.8498936	141.41302	133.89117	148.11015	7.0338354	156.93562	137.56244	1000.0	1000.0	695999	11.408872	7.1432133	50.559933	-28.273584	-11.459897	0.010990217	2636.8364696502686
175	145.59677	7.585958	154.52313	135.13005	140.70723	2.6350732	145.43567	136.86835	1000.0	1000.0	699999	11.410394	7.137493	51.05209	-29.081923	-11.461919	0.01073364	2653.219624519348
176	136.45865	6.248478	147.0368	131.54965	134.90411	2.6916122	138.31535	128.83911	1000.0	1000.0	703999	11.416143	7.113437	51.191895	-27.3921	-11.467761	0.010041044	2669.354498386383
177	143.4748	1.2229016	145.24083	142.32788	142.26102	3.115581	147.27701	136.5774	1000.0	1000.0	707999	11.43598	7.1137147	51.794937	-32.85199	-11.486766	0.009920345	2685.430690765381
178	132.59866	4.590058	140.5351	129.5123	136.42607	2.1954405	139.06056	132.78807	1000.0	1000.0	711999	11.419485	7.138834	51.882034	-31.408579	-11.468747	0.009772037	2701.6093068122864
179	132.1137	6.2814226	136.85141	121.30168	161.12473	5.1508856	164.8584	147.47664	1000.0	1000.0	715999	11.433943	7.1156178	50.860645	-42.83628	-11.485999	0.010447205	2717.9282972812653
180	136.5391	10.487244	148.78767	121.91852	132.71402	2.6979065	136.92947	128.91399	1000.0	1000.0	719999	11.449328	7.1398935	51.995777	-42.24175	-11.497332	0.011476429	2734.1827692985535
181	130.13028	3.4158714	133.8542	126.12332	130.79459	2.1106124	133.67195	127.57615	1000.0	1000.0	723999	11.437053	7.152731	52.193554	-46.693283	-11.486248	0.011168981	2750.578701019287
182	126.22374	4.6070123	133.52357	120.9692	135.14645	2.9351091	141.23827	131.36894	1000.0	1000.0	727999	11.4731865	7.0715632	50.999252	-49.652424	-11.526346	0.012908754	2766.822415828705
183	136.69344	5.156902	144.91736	130.66646	151.25552	2.5863724	154.95543	147.07066	1000.0	1000.0	731999	11.425724	7.1188993	51.422276	-53.05301	-11.473486	0.013540781	2783.2022852897644
184	134.60236	6.1050878	142.0898	128.4717	136.86041	1.8962773	140.95398	134.02652	1000.0	1000.0	735999	11.527935	7.1597724	51.07409	-25.42965	-11.582572	0.012115208	2799.5170669555664
185	129.18073	4.956564	137.47916	124.51993	127.64207	3.00025	131.661	120.100395	1000.0	1000.0	739999	11.633018	7.2821093	51.678543	-11.649498	-11.691015	0.013508305	2815.7681255340576
186	140.47368	4.5985193	145.28853	134.77054	85.10933	9.344784	96.999466	67.02151	1000.0	1000.0	743999	11.984652	7.5984893	58.188076	-15.084045	-12.075392	0.016917014	2832.3214008808136
187	105.69666	10.884866	121.73795	93.232666	122.66426	2.5722961	128.52408	119.397026	1000.0	1000.0	747999	12.505369	7.7102604	60.40535	-32.271423	-12.57067	0.02414554	2849.6178827285767
188	104.48486	28.063265	132.79227	57.89595	46.73905	2.1804738	50.08583	42.606407	1000.0	1000.0	751999	12.671642	7.5935454	57.812	-27.131262	-12.7502575	0.0202114	2866.1159811019897
189	48.99501	2.2383668	52.309105	46.302788	62.77117	1.5722251	65.51307	59.70333	1000.0	1000.0	755999	12.93705	7.1762276	54.263653	-27.38178	-12.993322	0.017736124	2882.4586565494537
190	107.76899	18.017681	121.355896	76.953354	113.528564	3.2338989	119.600815	110.201996	1000.0	1000.0	759999	12.640565	7.0549603	53.137165	-23.697485	-12.689817	0.017214222	2898.7207412719727
191	122.6467	4.7122498	130.5594	118.13158	126.78882	7.175843	131.48474	105.999725	1000.0	1000.0	763999	12.495473	6.983349	52.306988	-26.681307	-12.549673	0.0149137145	2915.271867990494
192	127.248726	2.1358023	129.96042	124.279106	135.68387	2.5954604	140.00917	131.21886	1000.0	1000.0	767999	12.512431	6.9486136	52.797924	-31.210142	-12.567336	0.015198256	2931.6257078647614
193	124.74474	9.183753	135.18282	113.693794	127.19957	1.9082177	130.50627	124.59906	1000.0	1000.0	771999	12.367603	7.009566	52.156803	-41.888012	-12.418403	0.016292997	2947.9198422431946
194	134.69025	6.761105	142.33179	123.92824	141.8249	4.230022	145.40733	133.54303	1000.0	1000.0	775999	12.3590975	7.052935	51.47791	-44.575897	-12.415899	0.015034134	2964.2251737117767
195	136.23746	5.1791387	142.02075	128.60359	153.13403	4.16212	157.711	145.89523	1000.0	1000.0	779999	12.275682	7.1462097	52.41715	-32.925804	-12.32759	0.013883477	2980.7901124954224
196	130.68185	9.546981	141.09738	115.11327	114.30827	2.373146	118.19489	109.771866	1000.0	1000.0	783999	12.2034235	7.1702337	52.81957	-33.564877	-12.250151	0.014827068	2997.1485221385956
197	135.15404	6.335412	144.78479	127.052376	146.92941	4.0318685	151.17787	137.92296	1000.0	1000.0	787999	12.115169	7.06119	52.55147	-24.688364	-12.170755	0.014735611	3013.4978532791138
198	143.508	4.4910684	149.87091	137.16884	142.57571	3.0124884	146.85663	135.98438	1000.0	1000.0	791999	12.153104	7.132492	52.28083	-24.128208	-12.19961	0.013256892	3029.8594868183136
199	136.19962	8.071003	143.52084	122.534065	142.46461	4.3485847	145.79898	130.24377	1000.0	1000.0	795999	11.94771	7.1951675	50.72932	-41.056133	-11.990002	0.01285796	3046.2777121067047
200	143.51302	6.780015	155.1764	138.33957	138.9007	1.8952374	142.41476	135.67975	1000.0	1000.0	799999	11.88678	7.183901	50.20408	-56.781754	-11.9369	0.014567591	3062.7517499923706
