Epoch	AverageEpRet	StdEpRet	MaxEpRet	MinEpRet	AverageTestEpRet	StdTestEpRet	MaxTestEpRet	MinTestEpRet	EpLen	TestEpLen	TotalEnvInteracts	AverageQVals	StdQVals	MaxQVals	MinQVals	LossPi	LossQ	Time
1	119.39921	34.547974	260.86584	78.43882	250.15585	10.933926	270.8846	235.45285	23.767857	48.8	3999	41.88884	24.305138	116.20004	-13.077762	-44.24388	4.5798807	14.377358675003052
2	124.58308	33.463234	236.32805	78.566505	271.08038	16.645714	299.2488	248.54425	24.832298	53.3	7999	125.15884	60.34057	274.71072	-28.092989	-133.72531	20.071953	32.59948968887329
3	148.925	51.149326	224.64136	78.63037	209.00488	4.6867304	216.1871	202.7585	28.92029	39.9	11999	252.74088	112.628876	446.6277	-78.87908	-269.36032	82.10679	51.671414613723755
4	209.45305	5.332216	223.76015	200.38786	209.76973	5.3569674	219.87724	203.52412	39.524754	40.0	15999	252.40352	124.467865	422.98672	-94.0286	-260.46707	57.697422	74.35046815872192
5	207.87483	5.5567217	222.12418	193.51486	207.15247	5.2340236	215.62688	199.08394	39.235294	39.6	19999	175.95758	114.64146	416.14862	-57.887592	-178.141	29.152342	95.84128713607788
6	208.87988	5.377256	222.06122	195.49066	209.07425	5.1150928	216.88586	199.13168	39.39216	39.8	23999	115.34226	56.0628	277.63516	-19.501719	-116.261925	11.116457	117.44462013244629
7	210.17848	6.442689	224.67572	195.0159	211.23787	3.529805	216.53223	203.11493	39.61386	40.1	27999	116.26563	55.646076	216.88326	-24.797762	-117.949844	8.39518	139.341956615448
8	209.82855	5.5955105	224.06581	196.42442	210.48828	5.401944	217.34552	198.90382	39.524754	40.0	31999	114.84223	56.507355	213.2543	-21.709593	-116.11411	6.822871	161.07522320747375
9	209.59692	5.7243347	223.5714	195.81584	213.12976	3.6435664	216.49141	205.13269	39.465347	40.5	35999	112.09304	55.41375	210.31758	-21.682356	-113.178795	5.914491	182.92601132392883
10	210.0334	5.058833	224.27512	200.5886	211.47153	4.3107986	217.09503	204.64836	39.544556	40.2	39999	109.9018	54.67936	209.19676	-19.924675	-110.89539	4.967807	204.84398555755615
11	209.62057	5.532485	223.14226	194.39508	205.65164	3.3678997	210.9654	198.2497	39.5	39.1	43999	108.99933	54.473583	217.60162	-16.261316	-109.888374	4.80317	226.6574354171753
12	209.70819	5.5688605	223.35475	199.94855	212.58109	6.8112855	222.00523	204.16234	39.49505	40.4	47999	108.05405	53.856255	210.80435	-22.133232	-108.82571	4.348726	248.61932468414307
13	209.89096	5.6181307	227.52538	195.6861	210.62326	4.308773	216.82321	203.61559	39.51485	40.1	51999	106.87212	53.33091	216.60367	-38.385597	-107.590935	4.165722	272.0013132095337
14	210.14082	5.4285636	223.94794	195.60538	210.74971	4.824518	222.00061	204.43094	39.574257	40.1	55999	106.47077	53.083157	215.40428	-26.077978	-107.13125	3.7462769	295.0863149166107
15	209.69247	5.369787	224.0619	196.2201	211.3591	5.2896943	221.26906	204.07768	39.47059	40.2	59999	105.46469	52.70163	217.5733	-15.753762	-106.05342	3.6996226	317.5095052719116
16	210.66722	5.654348	223.70952	200.87465	210.2828	3.5513058	216.6906	205.12715	39.65	40.0	63999	105.15708	52.57684	215.05106	-24.09143	-105.73725	3.3234737	339.67579460144043
17	209.7228	5.2613115	223.69365	195.54738	210.18945	5.1599317	216.5001	198.87204	39.490196	40.0	67999	104.70123	52.491955	217.53824	-23.342876	-105.209854	3.3313096	362.4058458805084
18	210.12875	6.3603597	223.92664	195.08138	210.12312	5.42358	221.50885	204.21309	39.564358	39.9	71999	104.17896	52.276695	224.24988	-12.532626	-104.67846	3.2020123	385.04480957984924
19	211.06674	5.4283085	223.4818	200.67612	209.25786	5.802047	216.26079	198.9351	39.75	39.8	75999	104.204	52.08623	221.57831	-16.550955	-104.66266	3.0836942	407.72267413139343
20	210.74457	5.2002296	223.70107	200.42049	208.3853	3.2803526	214.75632	203.98994	39.70297	39.7	79999	103.82973	51.91225	222.09456	-21.717085	-104.288055	3.0977838	431.2523455619812
21	209.14426	5.6348424	223.76585	195.31355	209.37509	5.400954	221.84418	204.58714	39.362743	39.8	83999	103.37306	51.492	221.04285	-25.483599	-103.744705	2.9458022	453.0891070365906
22	209.68475	5.723403	219.37953	195.75345	210.97534	3.574453	215.37122	204.7878	39.50495	40.1	87999	103.09773	51.389908	224.08188	-36.602524	-103.49153	2.7844944	475.07698488235474
23	209.54945	5.4908915	223.84079	200.28447	212.19028	5.1734405	221.80064	205.41212	39.475246	40.3	91999	102.96639	51.45816	224.71832	-29.026808	-103.335365	2.6673653	496.7629668712616
24	210.02591	5.05468	223.27954	200.8091	211.03714	7.085363	221.77226	204.06104	39.558823	40.2	95999	102.63234	51.17175	227.80562	-16.006851	-102.96948	2.4425938	518.5869336128235
25	208.60103	5.6977544	219.36226	196.09494	208.54138	5.135237	217.3533	199.46927	39.29703	39.7	99999	102.35374	51.02037	224.64316	-34.587933	-102.67378	2.3088012	540.238119840622
26	210.41573	5.3814125	224.4878	200.16197	208.7227	3.6949701	216.59834	203.68436	39.623764	39.7	103999	102.27175	50.924778	224.26389	-35.999428	-102.591995	2.2795584	561.8539896011353
27	210.22025	4.901596	218.547	200.42108	210.6193	5.3290763	221.35643	203.8614	39.58416	40.0	107999	101.85468	50.81634	226.64255	-28.85514	-102.13319	2.135752	583.4348537921906
28	210.00491	5.8098497	223.93498	195.10408	212.34451	5.070479	215.9564	198.9109	39.534653	40.4	111999	101.81926	50.553658	224.06714	-25.727278	-102.08837	2.2133832	606.9237015247345
29	210.71571	5.093469	223.94856	195.84932	212.0218	4.39844	222.02902	205.93456	39.673267	40.3	115999	101.61463	50.629063	221.55823	-43.140682	-101.883644	2.050772	629.4615702629089
30	209.98169	5.4786744	222.93431	196.03903	208.8123	3.7777915	216.12	203.82675	39.519608	39.7	119999	101.39638	50.553226	226.28465	-16.978628	-101.634285	2.05863	651.8435418605804
31	210.1162	5.760232	223.64474	199.8723	212.36435	4.4713225	216.66742	204.54448	39.574257	40.3	123999	101.28895	50.396923	218.87492	-14.453496	-101.52619	2.0436053	674.229927778244
32	210.29234	5.60553	223.296	195.62675	210.149	3.8702888	216.6926	204.65176	39.61386	39.9	127999	101.12694	50.234493	218.79982	-28.710812	-101.32797	1.8993118	697.7057378292084
33	209.9793	5.8052297	222.48851	195.81314	213.47763	3.2684824	216.92702	208.71724	39.564358	40.6	131999	100.85748	50.074978	217.8455	-31.264317	-101.04844	1.9058957	721.3465685844421
34	209.71182	5.171182	222.99246	196.16483	212.79048	4.9095073	220.98477	205.31522	39.534653	40.4	135999	100.77238	50.060043	214.08	-78.39285	-100.97222	1.8363003	744.2153267860413
35	209.79759	5.248682	222.95692	195.94527	210.41292	6.2739916	221.60887	197.99174	39.50495	40.0	139999	100.74602	50.079456	218.9992	-41.706257	-100.93045	1.8701558	767.1547405719757
36	210.08902	5.7385135	224.07298	196.09685	211.14912	5.12232	220.69403	203.98549	39.574257	40.1	143999	100.73734	50.05256	224.33965	-13.826986	-100.91419	1.8177179	790.0975189208984
37	210.21571	5.6839786	224.40358	195.19704	209.68367	4.1326284	217.4819	204.63058	39.564358	39.8	147999	100.69178	49.947018	214.25926	-17.900015	-100.86275	1.7905003	813.0512671470642
38	209.51248	6.351958	223.77554	194.62369	211.7336	4.749473	215.99287	204.39186	39.45098	40.3	151999	100.39913	49.832275	218.13947	-17.196737	-100.54594	1.6999134	835.9894096851349
39	211.08714	5.9889674	228.60243	196.33868	211.97346	5.5367	222.16731	204.81834	39.74	40.2	155999	100.18264	49.709118	215.01735	-12.29596	-100.31973	1.6415569	859.402027130127
40	210.5305	6.2030735	223.91545	195.2457	210.83847	4.7476363	216.88168	203.84142	39.643566	40.1	159999	100.17249	49.710968	215.86462	-13.83979	-100.333984	1.6243733	882.7842864990234
41	209.45201	5.7569156	222.53413	195.58618	211.1466	6.4214044	220.98305	198.44897	39.45098	40.2	163999	100.52326	49.858223	221.20827	-16.975204	-100.66411	1.6414099	905.9667601585388
42	209.22827	5.644656	224.43942	195.80896	210.31335	4.2665734	216.17287	204.31485	39.41584	40.0	167999	100.39	49.747814	229.22456	-10.439984	-100.51948	1.6882294	928.8903794288635
43	209.3606	5.542665	224.16321	195.39061	206.55716	4.2437387	211.37868	199.03336	39.441177	39.3	171999	100.14966	49.71694	226.22359	-45.39364	-100.259415	1.7278751	951.6972842216492
44	210.085	5.915613	224.28835	200.80347	209.68466	6.9032636	221.28531	198.54741	39.554455	39.9	175999	100.19858	49.535564	225.13484	-19.721123	-100.301895	1.5225236	974.3619501590729
45	209.11494	5.6143928	223.24036	195.59521	213.6788	4.9553547	221.6536	205.6782	39.40594	40.6	179999	100.16276	49.825554	223.51137	-19.065548	-100.27801	1.5702076	996.7724678516388
46	210.427	5.8062186	223.82509	200.87236	212.79782	2.943119	216.68718	208.72556	39.61386	40.5	183999	100.13396	49.639286	224.94627	-34.422543	-100.23406	1.5422128	1019.1728019714355
47	210.52257	5.5458193	223.75642	199.54712	209.53452	5.128705	216.5612	198.56802	39.623764	39.8	187999	100.117	49.696518	225.18526	-18.013704	-100.219574	1.6238253	1041.8503742218018
48	209.90446	6.2941785	227.8324	195.38641	213.92566	5.0279603	221.98941	204.17763	39.534653	40.6	191999	99.80791	49.65612	231.59691	-58.081707	-99.87575	1.5744392	1064.2251670360565
49	210.18707	5.163849	218.65128	200.63211	210.00969	4.740155	216.16286	198.86746	39.603962	39.9	195999	99.84182	49.48175	228.69733	-105.16828	-99.923706	1.6249106	1087.0655074119568
50	209.36484	5.3678937	223.98012	200.78548	207.87016	4.564591	215.81512	198.44118	39.441177	39.5	199999	100.04608	49.75486	225.35396	-18.673124	-100.153656	1.4944605	1109.964588880539
51	209.92491	4.6288233	218.07967	200.75514	212.94827	6.178383	221.82777	203.7156	39.544556	40.4	203999	99.86393	49.6357	227.71078	-13.007122	-99.950485	1.4244592	1132.5673654079437
52	210.25536	5.55221	230.14812	200.77003	210.90536	3.9898148	217.19458	204.69168	39.58416	40.1	207999	99.747	49.5556	229.24362	-24.73507	-99.83049	1.4775659	1155.2213082313538
53	209.19899	5.6458917	224.25214	196.28511	211.03694	4.5290713	216.49896	204.25435	39.376236	40.1	211999	99.86562	49.5578	226.3016	-25.646652	-99.97859	1.4163982	1178.3837268352509
54	210.04655	5.8492684	223.86365	195.89867	211.57913	6.441081	227.05841	204.06177	39.539215	40.2	215999	99.93963	49.62233	226.58672	-41.646267	-100.03164	1.4274681	1202.7709543704987
55	210.04291	6.0956264	223.44205	196.14566	212.55667	4.337399	221.35019	206.28131	39.574257	40.4	219999	99.90533	49.66826	229.53989	-13.72452	-99.988686	1.3753973	1225.9300100803375
56	208.7696	5.947092	223.89809	200.28003	210.60576	4.367253	216.58533	203.9323	39.346535	40.0	223999	99.64367	49.581474	226.32964	-14.125431	-99.73019	1.3855181	1249.0842776298523
57	209.91367	5.760007	224.14937	195.74286	210.57076	3.2732415	216.86317	205.55833	39.52941	40.0	227999	99.97658	49.565666	225.1651	-57.192894	-100.04396	1.4689099	1270.975576877594
58	210.47832	6.37692	224.01936	195.17088	210.44405	5.408497	220.99612	204.33778	39.63	40.0	231999	99.60074	49.452686	230.55423	-21.780378	-99.64903	1.3924671	1294.7824931144714
59	210.48605	5.2894435	224.36487	195.72295	213.87337	4.536712	221.43855	204.9361	39.623764	40.6	235999	99.56077	49.496426	244.56427	-18.094307	-99.61665	1.387822	1318.494005203247
60	210.2269	5.1241426	223.57379	200.1421	212.63123	4.9089527	221.20367	204.46748	39.59406	40.4	239999	99.59789	49.36491	225.60025	-25.479702	-99.6363	1.3283875	1344.2449216842651
61	210.23071	6.0312366	224.14351	195.35191	211.04788	6.413906	221.76677	199.07701	39.59406	40.1	243999	99.3689	49.290077	230.98744	-15.576372	-99.41741	1.2948679	1368.0227401256561
62	210.40189	5.709332	223.99596	200.26044	208.21094	3.2936928	214.81084	203.75432	39.59406	39.6	247999	99.68889	49.442524	226.39325	-35.87625	-99.764755	1.343407	1389.6003966331482
63	209.30573	5.47553	224.25029	200.24805	208.88264	4.2671957	216.51918	204.17268	39.431374	39.7	251999	99.749	49.52832	229.41968	-27.127638	-99.80429	1.2261423	1411.180071592331
64	211.02596	5.2753267	224.10054	200.78497	211.95625	6.0158386	221.78082	204.37909	39.72277	40.3	255999	99.3009	49.401196	222.23119	-13.662723	-99.35162	1.2273408	1433.2819843292236
65	210.29039	5.2068663	224.68422	200.34119	210.73999	6.2816415	221.95964	198.92665	39.574257	40.1	259999	99.67194	49.387413	242.73494	-38.7696	-99.73079	1.3047783	1454.6147186756134
66	209.58218	5.2392373	223.89085	195.87758	208.39322	3.4776635	215.60081	204.07947	39.475246	39.6	263999	99.74524	49.344177	235.83098	-22.776873	-99.81067	1.2122295	1475.1520326137543
67	210.10318	5.946885	224.68243	195.88324	212.58586	4.5689816	221.80402	204.95721	39.554455	40.4	267999	99.60716	49.458195	232.22258	-15.74983	-99.66721	1.135435	1495.7019174098969
68	209.4812	5.4122796	224.82278	195.28339	212.54343	4.140409	221.33206	206.14163	39.441177	40.4	271999	99.45859	49.401	233.25908	-19.84111	-99.49012	1.2297864	1516.3099694252014
69	209.63681	5.7203813	223.79585	195.3904	211.19034	4.8308387	217.4082	199.41925	39.455444	40.1	275999	99.26955	49.267242	245.57732	-14.210869	-99.28981	1.235961	1536.8767759799957
70	210.54002	4.971712	223.52245	200.55905	210.61246	3.3754263	216.13419	205.09695	39.643566	40.0	279999	99.23379	49.109898	244.23694	-17.121634	-99.263954	1.1104958	1557.4023191928864
71	209.74886	5.0338435	223.29054	195.74097	211.21977	3.2157843	216.64774	204.84804	39.48515	40.1	283999	99.08978	49.24987	236.51515	-11.046428	-99.1127	1.1565092	1578.014891386032
72	209.56317	5.3625216	223.78731	196.50679	209.93657	5.8708177	217.29109	199.04384	39.45098	39.9	287999	99.28444	49.37067	237.08185	-22.26236	-99.33006	1.1481302	1598.7415177822113
73	210.07594	5.7470684	224.60948	200.27173	212.68604	6.3572936	221.6017	199.49516	39.544556	40.4	291999	99.32764	49.26923	229.82475	-19.42881	-99.36717	1.1369932	1621.9329733848572
74	208.82457	5.230521	224.60767	195.2314	210.26872	3.6315877	215.69145	203.07587	39.326733	40.0	295999	99.25424	49.317875	224.89113	-13.287464	-99.29738	1.1042192	1644.8129971027374
75	210.29556	5.611486	223.29086	195.60931	209.13179	4.0510955	216.63574	204.65375	39.59406	39.8	299999	99.31198	49.30254	230.56415	-13.416119	-99.353424	1.1116023	1668.8377659320831
76	210.14609	5.6854224	229.92728	200.25185	211.95825	4.9769053	220.42723	204.11324	39.568626	40.3	303999	99.13804	49.292667	221.71942	-23.922132	-99.16617	1.1431514	1693.3014051914215
77	209.67525	5.83183	224.64908	195.76012	209.71191	4.7715416	216.0119	200.30075	39.475246	39.9	307999	99.18568	49.146187	227.7816	-19.24044	-99.21038	1.0809005	1716.8735916614532
78	209.81128	5.746389	223.62527	194.71184	212.98686	7.26001	223.00146	198.69547	39.534653	40.4	311999	99.11294	49.213577	228.6364	-18.251842	-99.13779	1.0044332	1741.7699530124664
79	209.38676	5.561619	227.58685	196.13045	210.08496	6.705518	216.43987	198.38733	39.425743	40.0	315999	99.2882	49.22388	222.01474	-17.846302	-99.31219	1.0994194	1765.2210261821747
80	209.78438	5.726098	223.46162	195.99959	212.21375	6.0351048	221.74767	204.64801	39.5	40.3	319999	99.05195	49.239132	233.53766	-36.261196	-99.08925	1.1006922	1788.7737345695496
81	210.08176	5.550772	223.31087	196.70782	211.05319	4.1233864	216.25504	204.71968	39.544556	40.1	323999	99.11938	49.356453	232.27719	-15.18462	-99.142075	1.1002125	1812.2547991275787
82	209.78366	5.3449497	223.56783	196.72034	211.38599	4.3293934	216.69063	204.33372	39.48515	40.2	327999	99.11401	49.24529	223.68918	-10.723139	-99.14492	0.9919786	1834.978978395462
83	209.02315	5.5301843	224.06218	200.32515	209.91586	3.7500257	216.14224	204.90048	39.362743	39.9	331999	99.13008	49.328537	223.6816	-42.316036	-99.15099	1.0741832	1857.0413303375244
84	209.99883	5.313208	224.17099	200.52136	211.58829	5.025822	221.42293	205.65605	39.554455	40.2	335999	99.05287	49.224247	224.08005	-27.644005	-99.083145	1.0217248	1879.0409429073334
85	209.96446	5.293727	224.22249	195.62604	211.56868	7.0691905	221.66748	199.13785	39.544556	40.2	339999	99.10993	49.226204	223.42258	-19.714148	-99.147606	1.0132425	1900.9528861045837
86	209.52641	5.446688	224.48235	195.45186	211.11081	4.6246886	216.62831	204.73901	39.441177	40.1	343999	99.52172	49.33418	227.93672	-22.831573	-99.56654	1.13425	1922.9204754829407
87	209.69826	5.1706204	218.86221	200.87747	208.56393	3.227217	215.80876	205.66217	39.524754	39.6	347999	99.27781	49.35232	244.99751	-16.729074	-99.29175	0.98128235	1944.8144466876984
88	209.41505	5.4940753	224.34935	200.90302	211.03374	4.801215	216.87146	199.21674	39.41584	40.1	351999	99.01615	49.195606	231.1985	-22.584688	-99.03416	0.99780446	1968.8806471824646
89	210.95876	5.5168805	224.55608	200.59523	209.01462	5.2867613	215.13724	198.89864	39.71287	39.8	355999	99.20282	49.193867	227.22426	-17.167921	-99.2235	0.97293866	1992.687572002411
90	209.92928	5.3941946	224.22571	195.64578	210.66367	4.7023706	216.80423	204.99817	39.534653	40.0	359999	98.96274	49.160973	229.72594	-17.2095	-98.971954	0.9568005	2016.540263414383
91	209.86938	5.4421244	223.10825	196.55208	209.0824	4.5593133	217.08817	204.4367	39.524754	39.7	363999	99.00961	49.054165	228.4123	-27.667494	-99.029884	0.9344659	2040.7202558517456
92	209.54251	5.2230444	223.93571	195.71672	212.73694	4.293096	216.95486	203.85188	39.47059	40.4	367999	99.18	49.18943	225.97229	-26.70444	-99.205	0.9663093	2065.4582056999207
93	209.28769	5.5126166	222.27924	196.18224	209.90552	3.3368664	214.91913	203.80165	39.425743	40.0	371999	99.12242	49.196423	229.5143	-21.385685	-99.1204	0.9241086	2090.436672925949
94	210.05368	5.203246	221.42134	196.57285	212.64548	4.7952256	221.51381	205.12614	39.564358	40.4	375999	99.02489	49.210854	225.5201	-24.159983	-99.03438	0.9768331	2112.397253513336
95	210.77255	5.8679333	224.64824	200.47035	209.25691	4.514324	216.90547	199.02379	39.683167	39.8	379999	98.91542	49.286846	238.02577	-25.135271	-98.939125	0.9488953	2134.314117670059
96	209.58495	5.565884	223.58292	195.16228	213.12451	6.251354	221.96214	204.19481	39.48515	40.5	383999	98.92437	49.1088	224.83707	-21.390526	-98.94186	0.9512391	2156.215835094452
97	210.6619	5.1279373	223.18333	200.80467	211.31526	3.771591	215.73933	205.21025	39.673267	40.2	387999	99.15194	49.19956	224.1161	-15.53168	-99.17659	0.90799624	2178.206559896469
98	209.8449	5.7393684	223.18987	195.17064	211.45512	4.709199	221.83607	204.523	39.524754	40.2	391999	99.14151	49.233105	222.47278	-17.674824	-99.15004	0.86615825	2200.609731912613
99	210.39404	5.968999	224.13853	196.15733	207.95029	4.049065	214.22375	200.08632	39.633663	39.5	395999	99.08371	49.15664	222.95064	-26.76786	-99.1029	0.9031348	2223.4692509174347
100	210.6479	5.6022525	223.42053	200.09471	212.08052	5.507122	221.87955	204.16019	39.69307	40.3	399999	99.11929	49.11841	224.72972	-18.064396	-99.12984	0.86625713	2246.8269476890564
101	209.92021	6.008485	228.13017	200.1526	213.37442	5.450089	220.74098	203.86795	39.51485	40.6	403999	99.13944	49.191505	225.82382	-23.04074	-99.1722	0.9304337	2269.8588252067566
102	209.74142	5.4376445	223.7196	199.99089	209.73042	6.296861	217.01813	198.35051	39.5	39.9	407999	99.29959	49.174152	222.49428	-29.392067	-99.29915	0.87629944	2292.8347959518433
103	209.9606	5.717814	224.11143	196.31216	209.79158	2.8174245	215.70894	204.92647	39.544556	39.9	411999	99.01314	49.146107	222.14273	-18.156954	-99.02155	0.85347563	2315.936888217926
104	209.05399	5.1624727	218.91904	196.44218	209.2128	4.949463	216.87415	203.89383	39.38614	39.8	415999	99.0025	49.15434	231.7405	-28.755606	-99.003815	0.87766737	2338.9517233371735
105	210.53465	6.0786047	228.76402	200.25266	212.58345	4.1329017	217.18916	204.62788	39.643566	40.4	419999	98.98564	49.16565	221.72823	-25.056675	-99.00584	0.90600735	2361.4227364063263
106	210.9754	5.285696	223.40858	200.52885	210.79265	3.7555711	216.75511	205.60008	39.742573	40.1	423999	99.26769	49.345985	230.53711	-20.610332	-99.29592	0.9676849	2383.9618225097656
107	210.0377	5.213107	223.40419	200.5521	210.24521	3.5145516	216.41934	205.10753	39.544556	40.0	427999	99.01627	49.228653	226.3003	-19.126171	-99.0214	0.9286587	2406.6511154174805
108	209.49695	6.055969	227.90186	195.70613	210.2334	3.5677018	216.05739	203.52783	39.41584	40.0	431999	99.01211	49.09191	229.20335	-21.608263	-99.02445	0.86591285	2428.3970816135406
109	209.39294	6.2029123	228.62561	195.9833	208.70805	2.5715494	211.80737	203.32603	39.441177	39.8	435999	98.9569	49.188206	231.2977	-24.542376	-98.961845	0.9150598	2449.330543756485
110	210.03723	5.2045984	221.74367	200.53381	209.77043	4.0091753	216.50821	203.76308	39.554455	39.9	439999	99.05799	49.16796	249.06175	-23.099312	-99.06598	0.8612876	2470.561079978943
111	209.80112	5.8627334	223.3307	195.09262	210.5972	5.1004624	222.25856	204.57999	39.544556	40.0	443999	99.14887	49.182415	219.31447	-20.825146	-99.15865	0.93419045	2491.603168487549
112	210.8698	5.779796	223.59708	200.88405	211.43066	4.0484023	216.32225	204.24808	39.70297	40.2	447999	99.09669	49.18076	226.02406	-30.617672	-99.1233	0.941979	2512.7946949005127
113	209.99278	5.748729	223.72583	196.31409	211.06723	4.2061105	217.09671	203.58669	39.544556	40.1	451999	99.17294	49.21473	231.59462	-36.72858	-99.156395	0.9127314	2534.020068883896
114	209.72635	5.698709	224.70744	201.01775	210.81949	4.1013155	216.58296	204.01717	39.48515	40.1	455999	99.09051	49.038906	232.30956	-74.96507	-99.1137	0.9452139	2555.123611688614
115	209.67932	5.818305	223.72057	195.9782	207.17168	4.592699	214.98717	199.36029	39.509804	39.5	459999	99.477	49.34066	226.60162	-17.978975	-99.504845	0.81758493	2576.1652846336365
116	209.6571	4.968789	223.05722	200.65622	212.27393	6.7055216	221.65321	203.5872	39.50495	40.4	463999	99.30505	49.36229	225.27621	-11.648564	-99.3242	0.83195436	2597.219256401062
117	209.84496	5.5915546	218.65672	195.77428	210.86014	7.2302275	221.71585	200.56366	39.51485	40.0	467999	99.34802	49.299793	223.8347	-21.819675	-99.3707	0.9142214	2618.326653242111
118	211.02707	6.32971	224.83899	196.3863	211.08574	5.090496	221.07689	204.79584	39.71287	40.1	471999	99.28844	49.271893	225.27774	-40.76592	-99.29007	0.9008683	2639.4794301986694
119	209.77638	6.2072935	223.70972	194.75839	207.60811	3.1254516	211.66092	204.0666	39.51485	39.5	475999	99.16335	49.13327	226.43225	-34.883266	-99.16143	0.91651976	2660.361555814743
120	210.54512	6.043493	239.46918	195.57391	211.41089	4.690345	217.24902	204.09291	39.643566	40.1	479999	99.1853	49.104397	230.5882	-18.78912	-99.183014	0.8573903	2681.491141796112
121	209.40616	5.569476	223.24464	194.6319	209.054	4.8533397	217.16064	203.23018	39.445545	39.8	483999	99.03396	49.143215	216.32852	-43.402863	-99.03883	0.8422356	2702.577405691147
122	209.00542	5.9680862	228.65588	195.2588	209.9227	3.9581108	216.56017	203.83919	39.362743	39.9	487999	99.03226	49.219604	221.8113	-36.30578	-99.05174	0.81264055	2723.958297729492
123	209.6579	5.184499	224.35757	200.82033	209.46892	3.510494	211.77696	199.21214	39.475246	39.8	491999	99.19633	49.30402	218.56712	-21.16544	-99.22628	0.77064407	2745.304126262665
124	209.91144	6.0863943	223.97125	196.29129	213.25229	4.96343	220.84535	204.5803	39.51485	40.5	495999	99.31138	49.287964	214.87701	-74.9836	-99.335594	0.7983909	2766.5374352931976
125	209.40495	5.322727	224.00429	196.84831	208.85551	5.4409757	216.77885	198.67093	39.441177	39.7	499999	99.27254	49.278374	220.0987	-16.601387	-99.27814	0.8094278	2787.80398273468
126	210.49095	5.7467985	223.9012	195.32713	210.8743	3.3147635	216.68544	204.80211	39.623764	40.1	503999	99.09523	49.22961	222.17334	-26.011957	-99.10428	0.7768346	2809.0852897167206
127	210.00085	5.9476414	227.02867	197.09666	209.06393	3.9864123	215.85294	203.68977	39.544556	39.8	507999	99.26687	49.102425	215.8738	-60.164867	-99.28368	0.75377977	2830.4697597026825
128	209.5335	5.3189063	219.06378	200.55551	209.20798	3.8318796	215.10022	203.71278	39.465347	39.8	511999	99.49909	49.303047	216.00615	-18.457195	-99.52829	0.7697848	2851.724678516388
129	210.9237	5.559122	224.2216	200.73001	211.60161	8.392531	221.90147	199.23213	39.72277	40.2	515999	99.52074	49.390995	219.35913	-26.51458	-99.53531	0.72275525	2872.9295892715454
130	209.15529	5.304141	223.26686	195.87534	208.60867	5.4787974	216.5129	199.1791	39.401962	39.7	519999	99.34054	49.36901	216.0846	-31.032665	-99.36571	0.781872	2894.2067608833313
131	210.1664	6.2003207	223.43068	200.28775	211.81436	3.4345202	216.11757	205.30725	39.574257	40.3	523999	99.31158	49.338966	213.06146	-52.03142	-99.34582	0.7559437	2915.3905522823334
132	209.45775	5.363317	223.8776	196.48604	208.69882	6.0233474	221.18483	198.90848	39.455444	39.7	527999	99.14526	49.360123	213.4393	-47.59253	-99.14118	0.8098684	2936.776755094528
133	209.5856	5.0300283	223.1146	195.5406	214.07324	4.643726	221.76967	203.46713	39.48515	40.7	531999	99.02759	49.233875	219.35152	-53.213207	-99.045685	0.76299405	2958.900815010071
134	209.09285	5.562909	224.03865	196.82387	210.90048	5.7913175	221.45227	198.95807	39.382355	40.1	535999	99.24003	49.305313	217.26376	-22.785418	-99.24812	0.8369269	2981.206253528595
135	210.89943	6.1263742	224.06299	195.74567	211.31909	5.7011185	217.39986	198.87779	39.71287	40.2	539999	99.17546	49.278202	221.49356	-35.05911	-99.17433	0.72842884	3003.4723360538483
136	209.8301	5.081032	223.31497	196.06178	208.43977	6.6395283	221.84003	199.19116	39.50495	39.7	543999	99.13218	49.260563	217.85765	-19.381975	-99.139656	0.73999804	3025.8063871860504
137	209.78224	5.21218	224.2424	200.28102	210.15353	2.8576324	215.65802	203.41254	39.48515	40.0	547999	99.41974	49.33134	213.56969	-12.180166	-99.446915	0.7290356	3048.1758353710175
138	209.7668	4.6332054	218.95822	201.11954	211.61295	4.739258	221.21532	204.41876	39.51485	40.3	551999	99.45936	49.474575	230.58394	-10.458013	-99.48575	0.7282848	3070.7423090934753
139	209.68561	5.9478464	224.57425	195.41446	208.61487	5.527649	217.30843	199.2461	39.480392	39.7	555999	99.25938	49.294758	209.76549	-15.9895315	-99.27448	0.7212064	3093.027319431305
140	210.59425	5.1416364	218.78401	200.26747	210.07437	3.4325306	215.57405	205.31976	39.643566	39.9	559999	99.14463	49.271194	212.76447	-34.133945	-99.16006	0.7210703	3115.4407920837402
141	209.79	5.759116	223.87038	196.53075	209.80801	4.973529	216.4279	198.1866	39.534653	39.9	563999	99.33309	49.29677	218.96094	-14.193327	-99.34857	0.64627296	3137.878299474716
142	208.69574	5.5114655	228.721	195.4191	212.40434	6.796944	222.64055	199.00232	39.32353	40.3	567999	99.21555	49.300278	215.0229	-37.707573	-99.2243	0.74270743	3160.8249819278717
143	209.58023	5.11166	223.78175	200.91629	206.09445	5.992029	214.78401	198.74359	39.475246	39.2	571999	99.26152	49.26981	215.41037	-34.83881	-99.268845	0.69616	3184.4974517822266
144	209.77792	5.0815353	223.92412	200.41017	211.35013	5.5635734	221.4201	204.33789	39.50495	40.2	575999	99.13583	49.22628	224.32837	-13.794704	-99.14233	0.63470143	3207.278918981552
145	210.11877	5.0848446	219.22757	200.96304	210.77596	4.7734904	221.64758	204.29428	39.564358	40.1	579999	99.19806	49.269085	211.06516	-61.82103	-99.20158	0.6837369	3230.3425776958466
146	209.72893	4.7912817	218.94594	196.27971	209.49765	4.498532	217.04059	204.15353	39.49505	39.8	583999	99.21586	49.205353	211.47249	-22.029303	-99.21934	0.68615216	3252.299234390259
147	210.18977	5.91784	223.00583	196.02391	213.3964	2.6086013	216.82077	209.57109	39.57843	40.5	587999	99.10903	49.250854	222.28575	-27.451992	-99.12464	0.75619566	3273.9347383975983
148	211.22926	5.5335207	228.68434	195.37762	210.15085	3.9418263	216.01263	203.89238	39.78	39.9	591999	99.31704	49.321995	218.45631	-14.7984495	-99.32889	0.6886405	3297.9508526325226
149	210.78485	5.226942	224.4941	200.73224	208.71011	6.6768007	221.85555	198.91171	39.70297	39.7	595999	99.21285	49.285934	218.64465	-22.636509	-99.21032	0.71508986	3321.2339849472046
150	210.051	5.397409	224.59523	195.3423	211.1833	5.349598	216.5028	200.21498	39.58416	40.2	599999	99.01488	49.014473	212.42656	-79.552826	-99.00981	0.7650828	3343.82643699646
151	208.82388	5.29948	222.52379	195.64264	210.53738	3.3733501	215.52869	204.51636	39.356434	40.0	603999	99.33743	49.219986	219.3841	-15.246639	-99.35766	0.68890315	3366.6380240917206
152	208.86389	5.8292227	218.75064	195.05107	207.4672	3.5181224	215.56006	204.48788	39.362743	39.4	607999	99.2101	49.36432	215.74672	-15.865808	-99.21626	0.684953	3389.6258387565613
153	209.45825	5.6018386	222.89021	200.35597	209.15816	3.364004	215.16682	203.98047	39.411766	39.8	611999	98.96928	49.29049	223.53372	-21.163353	-98.97488	0.7158824	3412.0815563201904
154	210.31694	5.3170676	222.60878	196.41309	209.65903	4.848238	216.81845	199.2875	39.603962	39.8	615999	99.32649	49.13382	216.78288	-22.646223	-99.35347	0.6785907	3434.6048727035522
155	209.77995	5.4833975	223.83437	195.17737	211.0343	5.754192	221.61961	199.83353	39.50495	40.1	619999	99.53883	49.343685	225.9329	-18.006716	-99.54813	0.70704615	3457.479793071747
156	209.9126	6.038079	224.05937	199.79419	209.67642	6.23468	216.16214	198.94772	39.534653	39.9	623999	99.30856	49.26452	212.69328	-60.04796	-99.29765	0.6699232	3480.087166786194
157	208.90933	4.897476	219.25609	195.9815	211.66147	4.150774	216.80348	205.05093	39.35294	40.2	627999	98.91692	49.095287	218.05388	-21.712223	-98.90433	0.65938956	3502.6895883083344
158	209.57646	5.861783	224.26889	196.48094	211.53911	4.7763934	216.4055	203.72693	39.465347	40.2	631999	98.98023	49.096287	207.13629	-24.577284	-98.98148	0.67376375	3525.9448499679565
159	209.4997	5.075058	223.1832	195.61394	208.43875	3.6505127	215.47018	204.03749	39.48515	39.7	635999	99.30014	49.079247	214.38309	-20.422907	-99.30367	0.65516514	3548.7052500247955
160	209.72057	5.8836527	224.42029	196.49083	211.96494	5.2447457	220.95084	199.62616	39.509804	40.2	639999	99.04245	49.18462	214.3223	-16.99465	-99.05311	0.6326698	3571.5037450790405
161	209.98392	5.331004	223.72357	196.28218	211.61565	4.828882	216.94647	204.31253	39.544556	40.3	643999	99.2277	49.224724	216.7476	-32.303066	-99.23391	0.64269334	3594.3649904727936
162	210.1772	5.972208	224.42754	200.37236	211.87082	6.13222	222.08345	199.43292	39.554455	40.2	647999	99.135	49.239136	212.42912	-17.999247	-99.12889	0.67238355	3617.392478942871
163	209.4879	5.7584825	228.47697	199.94891	213.21304	3.8834436	216.77248	204.56062	39.425743	40.5	651999	99.03729	49.230503	244.15236	-10.020465	-99.04441	0.67225486	3640.1648421287537
164	210.47455	5.410278	223.80173	201.14143	211.54996	5.9683657	222.13377	204.7275	39.633663	40.2	655999	99.18581	49.27315	209.29068	-28.892254	-99.180534	0.6615032	3662.872294187546
165	209.3584	6.3259335	224.01282	195.23228	209.52007	5.710528	216.59125	199.86996	39.401962	39.9	659999	98.94328	49.155773	212.27205	-26.260292	-98.94147	0.69047254	3685.821967124939
166	209.92232	5.65989	223.22182	199.8034	208.61069	4.5392895	216.66792	203.99596	39.564358	39.7	663999	99.18229	49.152115	218.37238	-41.01371	-99.18602	0.6484927	3708.6568903923035
167	209.60115	5.978662	223.20747	195.93918	207.60886	4.821517	216.39	200.06665	39.475246	39.5	667999	99.13511	49.17369	239.1559	-23.074215	-99.12975	0.6647973	3731.5612840652466
168	210.20357	5.2771873	224.36337	201.159	212.33618	4.76845	222.57613	203.71123	39.544556	40.3	671999	98.98615	49.083523	237.38498	-29.660728	-98.9782	0.66774803	3754.3315312862396
169	208.8943	5.6149254	224.10738	195.91928	210.4759	6.1467514	221.60646	198.46892	39.35294	40.0	675999	99.01689	49.07187	220.47684	-41.449745	-99.01251	0.6588462	3777.067839384079
170	210.31137	4.9210253	222.82823	194.80772	212.21756	6.4226375	220.87123	198.9486	39.643566	40.4	679999	99.17811	49.16978	226.50995	-25.257978	-99.18116	0.6420462	3800.6275210380554
171	210.06778	5.408728	222.63248	200.4896	209.4576	3.1337187	215.73305	204.15433	39.554455	39.9	683999	99.08576	49.29142	218.0606	-16.399277	-99.10075	0.6321565	3823.900694847107
172	209.8133	5.2641807	223.83202	195.29692	209.22087	5.548004	217.1493	199.9458	39.51485	39.8	687999	99.23016	49.132652	231.32191	-22.935505	-99.2373	0.64098537	3847.0069668293
173	210.57373	6.123466	228.88684	195.99617	213.07962	3.669805	217.14827	205.05812	39.643566	40.5	691999	99.15525	49.24071	219.35173	-10.962126	-99.16035	0.6143927	3870.222108602524
174	210.1648	5.719548	223.8221	200.40466	211.58945	3.324637	216.3851	205.10184	39.554455	40.2	695999	99.29143	49.19714	214.8982	-11.932434	-99.30695	0.66063124	3893.38383936882
175	208.98984	5.3572483	223.96326	196.0958	212.20259	2.8118844	216.6447	208.96275	39.35294	40.3	699999	99.17659	49.244137	217.14264	-36.121456	-99.1683	0.6672704	3916.374630689621
176	209.86313	6.1393623	223.6553	196.68575	211.27188	3.4497166	216.96123	204.42139	39.50495	40.1	703999	99.1261	49.1229	224.30673	-16.86368	-99.11892	0.63066095	3939.326827287674
177	209.87831	6.1456294	224.5251	195.7075	208.644	4.4821234	216.94531	204.5356	39.524754	39.7	707999	99.17573	49.196968	220.4269	-18.074434	-99.16946	0.6840211	3963.5527424812317
178	210.00957	6.005258	224.3905	195.91377	213.66916	3.9499714	221.8005	206.56566	39.52941	40.5	711999	99.12806	49.244015	218.1491	-44.20229	-99.131485	0.6775314	3986.465288877487
179	209.38135	5.3378406	219.41222	195.67462	213.16556	4.0403614	216.63283	203.47969	39.425743	40.6	715999	99.03848	49.360954	217.23436	-11.945035	-99.037155	0.6408883	4009.9159283638
180	210.4187	5.702623	224.18712	201.06131	210.97586	4.047163	216.20386	204.28244	39.643566	40.1	719999	99.14253	49.172462	225.9402	-47.06768	-99.1525	0.68835074	4033.7459931373596
181	210.13048	5.4012227	219.22821	195.80545	206.26973	4.2713165	215.35562	198.93787	39.564358	39.3	723999	99.16045	49.235825	229.37604	-26.026213	-99.16561	0.67342603	4056.639791250229
182	208.89449	5.311478	218.71283	201.088	209.73943	3.6768985	217.24326	204.418	39.343136	39.8	727999	99.27381	49.353676	209.67253	-25.730738	-99.27699	0.6702672	4079.7313663959503
183	210.27036	5.6070685	219.54468	195.30325	211.6167	3.4381044	216.60454	204.80968	39.59406	40.2	731999	99.08594	49.265152	213.04422	-19.902992	-99.09068	0.6231515	4103.016177654266
184	209.55011	5.5485425	223.72488	199.80353	211.67288	5.818147	221.41547	200.09055	39.465347	40.2	735999	99.23582	49.23379	213.88168	-10.9026785	-99.25406	0.56932753	4126.109818220139
185	210.48949	5.555801	224.44028	199.97319	211.00423	3.9923372	216.15903	203.9154	39.633663	40.1	739999	99.29415	49.42006	230.39789	-13.252111	-99.31059	0.5955188	4149.492556333542
186	208.88617	5.471091	219.08563	195.51762	213.49883	5.5805707	222.01447	205.56331	39.35294	40.5	743999	99.31827	49.273808	227.06131	-17.928493	-99.33586	0.6491248	4172.8688995838165
187	210.95946	5.393366	225.06549	200.70142	209.87308	4.638735	215.5053	200.55743	39.71	39.9	747999	99.2271	49.32461	215.4229	-70.51757	-99.239914	0.63959634	4195.947502851486
188	208.94897	5.791698	223.52115	195.5281	212.11588	5.297242	221.81952	204.57643	39.372547	40.3	751999	99.44975	49.356667	223.19519	-20.051373	-99.4627	0.6383009	4218.849826574326
189	209.93315	5.615832	229.47305	196.39503	208.00359	4.4158115	216.63525	199.96016	39.544556	39.6	755999	99.02382	49.278683	229.91066	-22.447855	-99.00622	0.6821588	4241.972762584686
190	209.42982	5.1415753	223.30724	200.20091	210.14783	5.973048	221.75882	198.43727	39.441177	40.0	759999	98.82706	49.072	221.95627	-45.062572	-98.818184	0.5861634	4265.905825614929
191	209.25122	5.985091	224.38759	195.78476	209.87631	4.29396	217.29883	204.33429	39.40594	39.8	763999	98.93515	49.019493	216.73193	-51.661015	-98.91799	0.61825013	4289.25848031044
192	209.25258	5.595472	222.70255	196.02478	207.37227	5.2840133	215.92787	198.82747	39.42157	39.4	767999	99.03497	49.095215	229.34796	-56.23264	-99.04794	0.614867	4312.408838510513
193	209.77234	5.022772	222.5592	200.63252	210.87549	4.8434315	216.34074	203.9609	39.50495	40.2	771999	99.28498	49.28986	214.48744	-18.692213	-99.29456	0.6178547	4336.419908046722
194	209.34476	5.6618495	222.56712	189.57034	209.37683	4.1568007	216.38098	204.06558	39.425743	39.8	775999	99.1229	49.307137	227.97801	-7.77394	-99.11715	0.59281725	4360.4465918540955
195	209.3557	6.1710234	222.52798	195.92358	214.92053	6.6664515	222.1561	199.3747	39.401962	40.8	779999	99.19999	49.145596	207.22903	-15.438207	-99.21735	0.61725444	4384.603499650955
196	211.08488	5.0251694	219.27368	195.2696	210.86172	3.524646	216.22418	204.9301	39.75	40.1	783999	99.22731	49.245186	218.50783	-36.9527	-99.23149	0.5974295	4408.441359758377
197	209.6545	5.984301	224.67842	196.00565	210.22717	7.758797	221.38289	199.08087	39.490196	40.0	787999	99.04774	49.21632	209.14922	-25.980885	-99.04798	0.60740185	4432.844108581543
198	209.831	5.6456676	223.91939	195.69952	212.84172	4.216773	216.64531	205.35411	39.524754	40.4	791999	98.84757	49.042057	221.14912	-24.520857	-98.842384	0.608968	4456.4168310165405
199	210.82103	5.597167	224.40201	200.11073	212.25212	5.446056	221.96883	203.73184	39.69307	40.4	795999	99.03094	49.151207	206.27155	-21.719421	-99.03741	0.5764617	4480.807671070099
200	209.94011	5.171575	222.4051	200.23676	213.25705	5.406223	221.86324	204.52579	39.534653	40.5	799999	98.99926	49.24591	213.2648	-9.213339	-98.98913	0.53669095	4504.582532167435
